Source,Year,Month,Region,Site,Zone,Replicate,Preservation Method,Taxa,raw individual count,WM shell on (g),WM (g),DM (g),AFDM (g),DM/WM,AFDM/DM,AFDM/WM,mesh size (um)
Flinders-HCHB,2020,Feb,MM,B19,P,rep1,Frozen,Simplisetia,607,,0.2702,0.0206,,0.076239822,0,0,500
Flinders-HCHB,2020,Feb,MM,B19,P,rep1,Frozen,Capitella,3,,0.0002,0.0001,,0.5,0,0,500
Flinders-HCHB,2020,Feb,MM,B19,P,rep1,Frozen,Chironomidae,221,,0.0854,0.0307,,0.359484778,0,0,500
Flinders-HCHB,2020,Feb,MM,B19,P,rep1,Frozen,Amphipoda,91,,0.0302,0.0053,,0.175496689,0,0,500
Flinders-HCHB,2020,Feb,MM,B19,P,rep1,Frozen,Arthritica,1214,,1.1183,0.5609,,0.501564875,0,0,500
Flinders-HCHB,2020,Feb,MM,B19,P,rep1,Frozen,Hydrobiidae,160,,0.8027,0.4704,,0.586022175,0,0,500
Flinders-HCHB,2020,Feb,MM,B19,P,rep1,Frozen,Salinator,23,,0.0222,0.0084,,0.378378378,0,0,500
Flinders-HCHB,2020,Feb,MM,B19,P,rep1,Frozen,Phyllodoce,3,,0.23,0.0122,,0.053043478,0,0,500
Flinders-HCHB,2020,Feb,MM,B19,P,rep1,Frozen,Nephtys,1,,0.1104,0.0061,,0.055253623,0,0,500
Flinders-HCHB,2020,Feb,MM,B19,P,rep1,Frozen,Boccardiella,4,,0.0015,0.0007,,0.466666667,0,0,500
Flinders-HCHB,2020,Feb,MM,B19,P,rep2,Frozen,Simplisetia,406,,0.2371,0.0233,,0.098270772,0,0,500
Flinders-HCHB,2020,Feb,MM,B19,P,rep3,Frozen,Simplisetia,320,,0.1273,0.0074,,0.058130401,0,0,500
Flinders-HCHB,2020,Feb,MM,B19,P,rep4,Frozen,Simplisetia,174,,0.0678,0.0015,,0.022123894,0,0,500
Flinders-HCHB,2020,Feb,MM,B19,P,rep5,Frozen,Simplisetia,339,,0.2576,0.0157,,0.060947205,0,0,500
Flinders-HCHB,2020,Feb,MM,B19,S,rep1,Frozen,Simplisetia,4,,0.0003,0,,0,#DIV/0!,0,500
Flinders-HCHB,2020,Feb,MM,B19,S,rep2,Frozen,Simplisetia,10,,0.0119,0.0027,,0.226890756,0,0,500
Flinders-HCHB,2020,Feb,MM,B19,S,rep3,Frozen,Simplisetia,10,,0.0276,0.0026,,0.094202899,0,0,500
Flinders-HCHB,2020,Feb,MM,B19,S,rep4,Frozen,Simplisetia,10,,0.0163,0.0018,,0.110429448,0,0,500
Flinders-HCHB,2020,Feb,MM,B19,S,rep5,Frozen,Simplisetia,3,,0.0005,0.0002,,0.4,0,0,500
Flinders-HCHB,2020,Feb,MM,B19,S,J1,Frozen,Simplisetia,3,,0.0311,0.0052,,0.167202572,0,0,500
Flinders-HCHB,2020,Feb,MM,B19,I,rep1,Frozen,Simplisetia,476,,1.1005,0.0699,,0.063516583,0,0,500
Flinders-HCHB,2020,Feb,MM,B19,I,rep2,Frozen,Simplisetia,525,,0.8089,0.066,,0.081592286,0,0,500
Flinders-HCHB,2020,Feb,MM,B19,I,rep3,Frozen,Simplisetia,707,,1.6536,0.1066,,0.064465409,0,0,500
Flinders-HCHB,2020,Feb,MM,B19,I,rep4,Frozen,Simplisetia,488,,0.956,0.0558,,0.058368201,0,0,500
Flinders-HCHB,2020,Feb,MM,B19,I,rep5,Frozen,Simplisetia,504,,1.3716,0.0901,,0.065689705,0,0,500
Flinders-HCHB,2020,Feb,MM,B19,I,J1,Frozen,Simplisetia,723,,0.9201,0.0804,,0.087381806,0,0,500
Flinders-HCHB,2020,Feb,MM,B19,I,J4,Frozen,Simplisetia,738,,1.443,0.124,,0.085932086,0,0,500
Flinders-HCHB,2020,Feb,MM,B19,I,J5,Frozen,Simplisetia,595,,1.3104,0.124,,0.094627595,0,0,500
Flinders-HCHB,2020,Feb,MM,PP,I,rep1,Frozen,Simplisetia,347,,0.614,0.0437,,0.071172638,0,0,500
Flinders-HCHB,2020,Feb,MM,PP,I,rep2,Frozen,Simplisetia,391,,0.5418,0.0688,,0.126984127,0,0,500
Flinders-HCHB,2020,Feb,MM,PP,I,rep3,Frozen,Simplisetia,252,,1.6333,0.1797,,0.110022654,0,0,500
Flinders-HCHB,2020,Feb,MM,PP,I,rep4,Frozen,Simplisetia,594,,0.6025,0.0483,,0.080165975,0,0,500
Flinders-HCHB,2020,Feb,MM,PP,I,rep5,Frozen,Simplisetia,527,,0.2993,0.0291,,0.097226863,0,0,500
Flinders-HCHB,2020,Feb,MM,PP,I,J1,Frozen,Simplisetia,283,,0.2254,0.0266,,0.118012422,0,0,500
Flinders-HCHB,2020,Feb,MM,PP,I,J5,Frozen,Simplisetia,682,,0.5407,0.0666,,0.123173664,0,0,500
Flinders-HCHB,2020,Feb,MM,PP,S,rep1,Frozen,Simplisetia,329,,2.8844,0.2941,,0.10196228,0,0,500
Flinders-HCHB,2020,Feb,MM,PP,S,rep2,Frozen,Simplisetia,241,,1.9939,0.1811,,0.090827022,0,0,500
Flinders-HCHB,2020,Feb,MM,PP,S,rep3,Frozen,Simplisetia,289,,2.4232,0.2462,,0.101601189,0,0,500
Flinders-HCHB,2020,Feb,MM,PP,S,rep4,Frozen,Simplisetia,162,,1.5933,0.1825,,0.114542145,0,0,500
Flinders-HCHB,2020,Feb,MM,PP,S,rep5,Frozen,Simplisetia,88,,1.2772,0.1226,,0.095991231,0,0,500
Flinders-HCHB,2020,Feb,MM,PP,S,J2,Frozen,Simplisetia,585,,2.4156,0.2318,,0.095959596,0,0,500
Flinders-HCHB,2020,Feb,MM,PP,S,J4,Frozen,Simplisetia,637,,1.9861,0.192,,0.096671869,0,0,500
Flinders-HCHB,2020,Feb,NL,LP,I,rep1,Frozen,Simplisetia,308,,0.3294,0.023,,0.069823922,0,0,500
Flinders-HCHB,2020,Feb,NL,LP,I,rep2,Frozen,Simplisetia,543,,1.1412,0.0789,,0.06913775,0,0,500
Flinders-HCHB,2020,Feb,NL,LP,I,rep3,Frozen,Simplisetia,255,,0.5744,0.0343,,0.059714485,0,0,500
Flinders-HCHB,2020,Feb,NL,LP,I,rep4,Frozen,Simplisetia,703,,1.1355,0.0714,,0.062879789,0,0,500
Flinders-HCHB,2020,Feb,NL,LP,I,rep5,Frozen,Simplisetia,519,,1.0154,0.059,,0.05810518,0,0,500
Flinders-HCHB,2020,Feb,NL,LP,I,J5,Frozen,Simplisetia,1074,,,,,#DIV/0!,#DIV/0!,#DIV/0!,500
Flinders-HCHB,2020,Feb,NL,LP,S,rep1,Frozen,Simplisetia,49,,0.482,0.0574,,0.119087137,0,0,500
Flinders-HCHB,2020,Feb,NL,LP,S,rep2,Frozen,Simplisetia,42,,0.2999,0.0278,,0.092697566,0,0,500
Flinders-HCHB,2020,Feb,NL,LP,S,rep4,Frozen,Simplisetia,40,,0.2691,0.0254,,0.094388703,0,0,500
Flinders-HCHB,2020,Feb,NL,LP,S,rep5,Frozen,Simplisetia,55,,0.335,0.0313,,0.093432836,0,0,500
Flinders-HCHB,2020,Feb,NL,NM,I,rep2,Frozen,Simplisetia,2,,0.0279,0.0094,,0.336917563,0,0,500
Flinders-HCHB,2020,Feb,NL,NM,I,rep5,Frozen,Simplisetia,2,,0.002,0,,0,#DIV/0!,0,500
Flinders-HCHB,2020,Feb,NL,NM,S,rep1,Frozen,Simplisetia,4,,0.0134,0.001,,0.074626866,0,0,500
Flinders-HCHB,2020,Feb,NL,NM,S,rep2,Frozen,Simplisetia,5,,0.1025,0.0051,,0.049756098,0,0,500
Flinders-HCHB,2020,Feb,NL,NM,S,rep3,Frozen,Simplisetia,3,,0.0182,0.0005,,0.027472527,0,0,500
Flinders-HCHB,2020,Feb,NL,NM,S,rep4,Frozen,Simplisetia,4,,0.1237,0.005,,0.040420372,0,0,500
Flinders-HCHB,2020,Feb,NL,NM,S,rep5,Frozen,Simplisetia,8,,0.0728,0.0051,,0.070054945,0,0,500
Flinders-HCHB,2020,Feb,MM,B19,I,rep3,Frozen,Capitella,1,,,,,#DIV/0!,#DIV/0!,#DIV/0!,500
Flinders-HCHB,2020,Feb,MM,PP,I,rep1,Frozen,Capitella,29,,0.0109,0.0009,,0.082568807,0,0,500
Flinders-HCHB,2020,Feb,MM,PP,I,rep2,Frozen,Capitella,31,,0.0075,0,,0,#DIV/0!,0,500
Flinders-HCHB,2020,Feb,MM,PP,I,rep3,Frozen,Capitella,25,,0.0052,0.0018,,0.346153846,0,0,500
Flinders-HCHB,2020,Feb,MM,PP,I,rep4,Frozen,Capitella,22,,0.0252,0.001,,0.03968254,0,0,500
Flinders-HCHB,2020,Feb,MM,PP,I,rep5,Frozen,Capitella,29,,0.0082,0,,0,#DIV/0!,0,500
Flinders-HCHB,2020,Feb,MM,PP,I,J1,Frozen,Capitella,33,,0.0232,0.0004,,0.017241379,0,0,500
Flinders-HCHB,2020,Feb,MM,PP,I,J5,Frozen,Capitella,24,,0.0295,0.001,,0.033898305,0,0,500
Flinders-HCHB,2020,Feb,MM,PP,S,rep1,Frozen,Capitella,5,,0.0027,0.0009,,0.333333333,0,0,500
Flinders-HCHB,2020,Feb,MM,PP,S,rep3,Frozen,Capitella,1,,,,,#DIV/0!,#DIV/0!,#DIV/0!,500
Flinders-HCHB,2020,Feb,MM,PP,S,rep5,Frozen,Capitella,1,,,,,#DIV/0!,#DIV/0!,#DIV/0!,500
Flinders-HCHB,2020,Feb,MM,PP,S,J2,Frozen,Capitella,2,,0.0007,1E-04,,0.142857143,0,0,500
Flinders-HCHB,2020,Feb,MM,PP,S,J4,Frozen,Capitella,5,,0.0038,0.0004,,0.105263158,0,0,500
Flinders-HCHB,2020,Feb,NL,LP,I,rep1,Frozen,Capitella,219,,0.0194,0.0015,,0.077319588,0,0,500
Flinders-HCHB,2020,Feb,NL,LP,I,rep2,Frozen,Capitella,447,,0.1212,0.0074,,0.061056106,0,0,500
Flinders-HCHB,2020,Feb,NL,LP,I,rep3,Frozen,Capitella,75,,0.0312,0.0016,,0.051282051,0,0,500
Flinders-HCHB,2020,Feb,NL,LP,I,rep4,Frozen,Capitella,1003,,0.0907,0.0098,,0.108048512,0,0,500
Flinders-HCHB,2020,Feb,NL,LP,I,rep5,Frozen,Capitella,529,,0.2818,0.0137,,0.04861604,0,0,500
Flinders-HCHB,2020,Feb,NL,LP,I,J5,Frozen,Capitella,800,,,,,#DIV/0!,#DIV/0!,#DIV/0!,500
Flinders-HCHB,2020,Feb,NL,LP,S,rep1,Frozen,Capitella,615,,0.2619,0.0141,,0.053837342,0,0,500
Flinders-HCHB,2020,Feb,NL,LP,S,rep2,Frozen,Capitella,563,,0.1671,0.0111,,0.066427289,0,0,500
Flinders-HCHB,2020,Feb,NL,LP,S,rep4,Frozen,Capitella,305,,0.0593,0.0036,,0.060708263,0,0,500
Flinders-HCHB,2020,Feb,NL,LP,S,rep5,Frozen,Capitella,554,,0.2022,0.0098,,0.048466864,0,0,500
Flinders-HCHB,2020,Feb,NL,NM,I,rep1,Frozen,Capitella,417,,0.2399,0.0118,,0.049187161,0,0,500
Flinders-HCHB,2020,Feb,NL,NM,I,rep2,Frozen,Capitella,641,,0.4026,0.0154,,0.038251366,0,0,500
Flinders-HCHB,2020,Feb,NL,NM,I,rep3,Frozen,Capitella,373,,0.2582,0.0121,,0.046862897,0,0,500
Flinders-HCHB,2020,Feb,NL,NM,I,rep4,Frozen,Capitella,1018,,0.4511,0.0254,,0.056306806,0,0,500
Flinders-HCHB,2020,Feb,NL,NM,I,rep5,Frozen,Capitella,641,,0.1702,0.0055,,0.032314924,0,0,500
Flinders-HCHB,2020,Feb,NL,NM,S,rep1,Frozen,Capitella,203,,0.1534,0.0088,,0.057366362,0,0,500
Flinders-HCHB,2020,Feb,NL,NM,S,rep2,Frozen,Capitella,214,,0.1438,0.0068,,0.0472879,0,0,500
Flinders-HCHB,2020,Feb,NL,NM,S,rep3,Frozen,Capitella,402,,0.249,0.0134,,0.053815261,0,0,500
Flinders-HCHB,2020,Feb,NL,NM,S,rep4,Frozen,Capitella,869,,0.3416,0.0348,,0.101873536,0,0,500
Flinders-HCHB,2020,Feb,NL,NM,S,rep5,Frozen,Capitella,746,,0.7215,0.0361,,0.05003465,0,0,500
Flinders-HCHB,2020,Feb,MM,B19,P,rep2,Frozen,Chironomidae,128,,0.0393,0.0066,,0.167938931,0,0,500
Flinders-HCHB,2020,Feb,MM,B19,P,rep3,Frozen,Chironomidae,164,,0.047,0.008,,0.170212766,0,0,500
Flinders-HCHB,2020,Feb,MM,B19,P,rep4,Frozen,Chironomidae,119,,0.0389,0.0069,,0.177377892,0,0,500
Flinders-HCHB,2020,Feb,MM,B19,P,rep5,Frozen,Chironomidae,82,,0.0254,0.0048,,0.188976378,0,0,500
Flinders-HCHB,2020,Feb,MM,B19,S,rep1,Frozen,Chironomidae,19,,0.0056,0.0008,,0.142857143,0,0,500
Flinders-HCHB,2020,Feb,MM,B19,S,rep2,Frozen,Chironomidae,12,,0.0024,0.0002,,0.083333333,0,0,500
Flinders-HCHB,2020,Feb,MM,B19,S,rep3,Frozen,Chironomidae,28,,0.0052,0.0013,,0.25,0,0,500
Flinders-HCHB,2020,Feb,MM,B19,S,rep4,Frozen,Chironomidae,5,,0.0058,0.0031,,0.534482759,0,0,500
Flinders-HCHB,2020,Feb,MM,B19,S,rep5,Frozen,Chironomidae,12,,0.0039,0.0004,,0.102564103,0,0,500
Flinders-HCHB,2020,Feb,MM,B19,S,J1,Frozen,Chironomidae,14,,0.0016,1E-04,,0.0625,0,0,500
Flinders-HCHB,2020,Feb,MM,B19,I,rep1,Frozen,Chironomidae,2,,0.0002,0,,0,#DIV/0!,0,500
Flinders-HCHB,2020,Feb,MM,B19,I,rep2,Frozen,Chironomidae,1,,,,,#DIV/0!,#DIV/0!,#DIV/0!,500
Flinders-HCHB,2020,Feb,MM,B19,I,rep4,Frozen,Chironomidae,5,,0.0024,0.0003,,0.125,0,0,500
Flinders-HCHB,2020,Feb,MM,B19,I,rep5,Frozen,Chironomidae,3,,0,0,,#DIV/0!,#DIV/0!,#DIV/0!,500
Flinders-HCHB,2020,Feb,MM,B19,I,J1,Frozen,Chironomidae,4,,0.0022,0.0005,,0.227272727,0,0,500
Flinders-HCHB,2020,Feb,MM,B19,I,J4,Frozen,Chironomidae,3,,0.0019,0.0008,,0.421052632,0,0,500
Flinders-HCHB,2020,Feb,MM,B19,I,J5,Frozen,Chironomidae,1,,0.0007,0,,0,#DIV/0!,0,500
Flinders-HCHB,2020,Feb,MM,PP,I,rep1,Frozen,Chironomidae,7,,0.0025,0,,0,#DIV/0!,0,500
Flinders-HCHB,2020,Feb,MM,PP,I,rep2,Frozen,Chironomidae,3,,0.002,0.0007,,0.35,0,0,500
Flinders-HCHB,2020,Feb,MM,PP,I,rep3,Frozen,Chironomidae,1,,,,,#DIV/0!,#DIV/0!,#DIV/0!,500
Flinders-HCHB,2020,Feb,MM,PP,I,rep4,Frozen,Chironomidae,1,,0.0002,0.0001,,0.5,0,0,500
Flinders-HCHB,2020,Feb,MM,PP,I,rep5,Frozen,Chironomidae,2,,0.0039,0.0027,,0.692307692,0,0,500
Flinders-HCHB,2020,Feb,MM,PP,S,rep3,Frozen,Chironomidae,1,,,,,#DIV/0!,#DIV/0!,#DIV/0!,500
Flinders-HCHB,2020,Feb,NL,NM,I,rep1,Frozen,Chironomidae,3,,0.0018,1E-04,,0.055555556,0,0,500
Flinders-HCHB,2020,Feb,NL,NM,I,rep3,Frozen,Chironomidae,4,,0.0013,0.0007,,0.538461538,0,0,500
Flinders-HCHB,2020,Feb,NL,NM,I,rep4,Frozen,Chironomidae,7,,0.0021,0.0002,,0.095238095,0,0,500
Flinders-HCHB,2020,Feb,NL,NM,I,rep5,Frozen,Chironomidae,6,,0.0031,0.0005,,0.161290323,0,0,500
Flinders-HCHB,2020,Feb,NL,NM,S,rep1,Frozen,Chironomidae,99,,0.082,0.015,,0.182926829,0,0,500
Flinders-HCHB,2020,Feb,NL,NM,S,rep2,Frozen,Chironomidae,233,,0.1729,0.0309,,0.178716021,0,0,500
Flinders-HCHB,2020,Feb,NL,NM,S,rep3,Frozen,Chironomidae,55,,0.0343,0.0061,,0.177842566,0,0,500
Flinders-HCHB,2020,Feb,NL,NM,S,rep4,Frozen,Chironomidae,63,,0.035,0.0073,,0.208571429,0,0,500
Flinders-HCHB,2020,Feb,NL,NM,S,rep5,Frozen,Chironomidae,169,,0.1329,0.0274,,0.206170053,0,0,500
Flinders-HCHB,2020,Feb,SL,HG,I,rep2,Frozen,Chironomidae,3,,0.0003,0,,0,#DIV/0!,0,500
Flinders-HCHB,2020,Feb,SL,HG,I,rep4,Frozen,Chironomidae,1,,0.0002,0.0001,,0.5,0,0,500
Flinders-HCHB,2020,Feb,SL,HG,I,rep5,Frozen,Chironomidae,4,,0.0005,0,,0,#DIV/0!,0,500
Flinders-HCHB,2020,Feb,SL,HG,S,rep1,Frozen,Chironomidae,71,,0.03,0.0051,,0.17,0,0,500
Flinders-HCHB,2020,Feb,SL,HG,S,rep2,Frozen,Chironomidae,75,,0.0278,0.0046,,0.165467626,0,0,500
Flinders-HCHB,2020,Feb,SL,HG,S,rep3,Frozen,Chironomidae,33,,0.0084,0.0012,,0.142857143,0,0,500
Flinders-HCHB,2020,Feb,SL,HG,S,rep4,Frozen,Chironomidae,113,,0.0581,0.0091,,0.156626506,0,0,500
Flinders-HCHB,2020,Feb,SL,HG,S,rep5,Frozen,Chironomidae,31,,0.0125,0.0024,,0.192,0,0,500
Flinders-HCHB,2020,Feb,SL,JP,I,rep1,Frozen,Chironomidae,5,,0.0018,0.0004,,0.222222222,0,0,500
Flinders-HCHB,2020,Feb,SL,JP,I,rep3,Frozen,Chironomidae,5,,0.0008,0.0002,,0.25,0,0,500
Flinders-HCHB,2020,Feb,SL,JP,I,rep4,Frozen,Chironomidae,2,,0.0009,0.0002,,0.222222222,0,0,500
Flinders-HCHB,2020,Feb,SL,JP,I,rep5,Frozen,Chironomidae,1,,0.0006,0.0003,,0.5,0,0,500
Flinders-HCHB,2020,Feb,SL,JP,S,rep1,Frozen,Chironomidae,25,,0.007,0.001,,0.142857143,0,0,500
Flinders-HCHB,2020,Feb,SL,JP,S,rep2,Frozen,Chironomidae,1,,0.0004,0.0002,,0.5,0,0,500
Flinders-HCHB,2020,Feb,SL,JP,S,rep4,Frozen,Chironomidae,12,,0.0021,0,,0,#DIV/0!,0,500
Flinders-HCHB,2020,Feb,SL,JP,S,rep5,Frozen,Chironomidae,10,,0.001,0.0003,,0.3,0,0,500
Flinders-HCHB,2020,Feb,SL,SC,I,rep2,Frozen,Chironomidae,1,,1E-04,1E-04,,1,0,0,500
Flinders-HCHB,2020,Feb,SL,SC,I,rep3,Frozen,Chironomidae,1,,1E-04,0,,0,#DIV/0!,0,500
Flinders-HCHB,2020,Feb,SL,SC,I,rep4,Frozen,Chironomidae,1,,0.0002,0.0002,,1,0,0,500
Flinders-HCHB,2020,Feb,SL,SC,I,rep5,Frozen,Chironomidae,3,,0.0007,0,,0,#DIV/0!,0,500
Flinders-HCHB,2020,Feb,SL,SC,S,rep2,Frozen,Chironomidae,5,,0.0019,0.0002,,0.105263158,0,0,500
Flinders-HCHB,2020,Feb,SL,SC,S,rep3,Frozen,Chironomidae,1,,0.0001,0,,0,#DIV/0!,0,500
Flinders-HCHB,2020,Feb,SL,SC,S,rep4,Frozen,Chironomidae,3,,0.0001,0,,0,#DIV/0!,0,500
Flinders-HCHB,2020,Feb,SL,SC,S,rep5,Frozen,Chironomidae,21,,0.007,0.0011,,0.157142857,0,0,500
Flinders-HCHB,2020,Feb,MM,B19,P,rep2,Frozen,Amphipoda,61,,0.0173,0.0025,,0.144508671,0,0,500
Flinders-HCHB,2020,Feb,MM,B19,P,rep3,Frozen,Amphipoda,72,,0.0188,0.0039,,0.207446809,0,0,500
Flinders-HCHB,2020,Feb,MM,B19,P,rep4,Frozen,Amphipoda,54,,0.0175,0,,0,#DIV/0!,0,500
Flinders-HCHB,2020,Feb,MM,B19,P,rep5,Frozen,Amphipoda,56,,0.0143,0.0026,,0.181818182,0,0,500
Flinders-HCHB,2020,Feb,MM,B19,S,rep1,Frozen,Amphipoda,692,,0.2021,0.0297,,0.146956952,0,0,500
Flinders-HCHB,2020,Feb,MM,B19,S,rep2,Frozen,Amphipoda,630,,0.1501,0.0192,,0.127914724,0,0,500
Flinders-HCHB,2020,Feb,MM,B19,S,rep3,Frozen,Amphipoda,603,,0.1235,0.0232,,0.187854251,0,0,500
Flinders-HCHB,2020,Feb,MM,B19,S,rep4,Frozen,Amphipoda,433,,0.1107,0.0142,,0.128274616,0,0,500
Flinders-HCHB,2020,Feb,MM,B19,S,rep5,Frozen,Amphipoda,722,,0.1868,0.0243,,0.130085653,0,0,500
Flinders-HCHB,2020,Feb,MM,B19,S,J1,Frozen,Amphipoda,573,,0.1079,0.0157,,0.145505097,0,0,500
Flinders-HCHB,2020,Feb,MM,B19,I,rep1,Frozen,Amphipoda,147,,0.0513,0.0098,,0.191033138,0,0,500
Flinders-HCHB,2020,Feb,MM,B19,I,rep2,Frozen,Amphipoda,356,,0.092,0.0146,,0.158695652,0,0,500
Flinders-HCHB,2020,Feb,MM,B19,I,rep3,Frozen,Amphipoda,224,,0.0464,0.0075,,0.161637931,0,0,500
Flinders-HCHB,2020,Feb,MM,B19,I,rep4,Frozen,Amphipoda,346,,0.1298,0.0183,,0.140986133,0,0,500
Flinders-HCHB,2020,Feb,MM,B19,I,rep5,Frozen,Amphipoda,205,,0.0504,0.0097,,0.192460317,0,0,500
Flinders-HCHB,2020,Feb,MM,B19,I,J1,Frozen,Amphipoda,101,,0.0267,0.0024,,0.08988764,0,0,500
Flinders-HCHB,2020,Feb,MM,B19,I,J4,Frozen,Amphipoda,345,,0.1276,0.0193,,0.151253918,0,0,500
Flinders-HCHB,2020,Feb,MM,B19,I,J5,Frozen,Amphipoda,409,,0.0747,0.0127,,0.170013387,0,0,500
Flinders-HCHB,2020,Feb,MM,PP,I,rep1,Frozen,Amphipoda,580,,0.2432,0.0291,,0.119654605,0,0,500
Flinders-HCHB,2020,Feb,MM,PP,I,rep2,Frozen,Amphipoda,313,,0.1279,0.0178,,0.139171228,0,0,500
Flinders-HCHB,2020,Feb,MM,PP,I,rep3,Frozen,Amphipoda,106,,0.0289,0.0038,,0.131487889,0,0,500
Flinders-HCHB,2020,Feb,MM,PP,I,rep4,Frozen,Amphipoda,248,,0.0925,0.0135,,0.145945946,0,0,500
Flinders-HCHB,2020,Feb,MM,PP,I,rep5,Frozen,Amphipoda,118,,0.0417,0.0066,,0.158273381,0,0,500
Flinders-HCHB,2020,Feb,MM,PP,I,J1,Frozen,Amphipoda,412,,0.122,0.0186,,0.152459016,0,0,500
Flinders-HCHB,2020,Feb,MM,PP,I,J5,Frozen,Amphipoda,245,,0.076,0.0109,,0.143421053,0,0,500
Flinders-HCHB,2020,Feb,MM,PP,S,rep1,Frozen,Amphipoda,2617,,0.786,0.1036,,0.131806616,0,0,500
Flinders-HCHB,2020,Feb,MM,PP,S,rep2,Frozen,Amphipoda,1481,,0.5043,0.0633,,0.125520523,0,0,500
Flinders-HCHB,2020,Feb,MM,PP,S,rep3,Frozen,Amphipoda,2189,,0.8211,0.09,,0.109609061,0,0,500
Flinders-HCHB,2020,Feb,MM,PP,S,rep4,Frozen,Amphipoda,1092,,0.3296,0.0402,,0.121966019,0,0,500
Flinders-HCHB,2020,Feb,MM,PP,S,rep5,Frozen,Amphipoda,722,,0.2255,0.0323,,0.143237251,0,0,500
Flinders-HCHB,2020,Feb,MM,PP,S,J2,Frozen,Amphipoda,2961,,0.903,0.0965,,0.106866002,0,0,500
Flinders-HCHB,2020,Feb,MM,PP,S,J4,Frozen,Amphipoda,1067,,0.2606,0.0328,,0.125863392,0,0,500
Flinders-HCHB,2020,Feb,NL,LP,I,rep1,Frozen,Amphipoda,410,,0.0898,0.018,,0.200445434,0,0,500
Flinders-HCHB,2020,Feb,NL,LP,I,rep2,Frozen,Amphipoda,286,,0.0468,0.0083,,0.177350427,0,0,500
Flinders-HCHB,2020,Feb,NL,LP,I,rep3,Frozen,Amphipoda,805,,0.2544,0.0362,,0.142295597,0,0,500
Flinders-HCHB,2020,Feb,NL,LP,I,rep4,Frozen,Amphipoda,1163,,0.4204,0.0539,,0.128211227,0,0,500
Flinders-HCHB,2020,Feb,NL,LP,I,rep5,Frozen,Amphipoda,652,,0.1843,0.0309,,0.167661422,0,0,500
Flinders-HCHB,2020,Feb,NL,LP,I,J5,Frozen,Amphipoda,2036,,,,,#DIV/0!,#DIV/0!,#DIV/0!,500
Flinders-HCHB,2020,Feb,NL,LP,S,rep1,Frozen,Amphipoda,2439,,0.6448,0.0807,,0.125155087,0,0,500
Flinders-HCHB,2020,Feb,NL,LP,S,rep2,Frozen,Amphipoda,3962,,0.7547,0.1139,,0.150920896,0,0,500
Flinders-HCHB,2020,Feb,NL,LP,S,rep4,Frozen,Amphipoda,3384,,0.901,0.1166,,0.129411765,0,0,500
Flinders-HCHB,2020,Feb,NL,LP,S,rep5,Frozen,Amphipoda,3465,,0.8385,0.1094,,0.130471079,0,0,500
Flinders-HCHB,2020,Feb,NL,NM,I,rep1,Frozen,Amphipoda,20,,0.0063,0.0008,,0.126984127,0,0,500
Flinders-HCHB,2020,Feb,NL,NM,I,rep2,Frozen,Amphipoda,25,,0.0095,0.0012,,0.126315789,0,0,500
Flinders-HCHB,2020,Feb,NL,NM,I,rep3,Frozen,Amphipoda,5,,0.0018,0.0007,,0.388888889,0,0,500
Flinders-HCHB,2020,Feb,NL,NM,I,rep4,Frozen,Amphipoda,19,,0.0037,0.0002,,0.054054054,0,0,500
Flinders-HCHB,2020,Feb,NL,NM,I,rep5,Frozen,Amphipoda,8,,0.0034,0.0003,,0.088235294,0,0,500
Flinders-HCHB,2020,Feb,NL,NM,S,rep1,Frozen,Amphipoda,515,,0.1887,0.0272,,0.144144144,0,0,500
Flinders-HCHB,2020,Feb,NL,NM,S,rep2,Frozen,Amphipoda,606,,0.2477,0.0336,,0.135647961,0,0,500
Flinders-HCHB,2020,Feb,NL,NM,S,rep3,Frozen,Amphipoda,670,,0.2079,0.0333,,0.16017316,0,0,500
Flinders-HCHB,2020,Feb,NL,NM,S,rep4,Frozen,Amphipoda,1034,,0.284,0.0457,,0.160915493,0,0,500
Flinders-HCHB,2020,Feb,NL,NM,S,rep5,Frozen,Amphipoda,569,,0.17,0.0301,,0.177058824,0,0,500
Flinders-HCHB,2020,Feb,SL,HG,I,rep2,Frozen,Amphipoda,1,,1E-04,0,,0,#DIV/0!,0,500
Flinders-HCHB,2020,Feb,MM,B19,P,rep2,Frozen,Arthritica,1373,,1.3663,0.7619,,0.557637415,0,0,500
Flinders-HCHB,2020,Feb,MM,B19,P,rep3,Frozen,Arthritica,1056,,1.0121,0.57,,0.563185456,0,0,500
Flinders-HCHB,2020,Feb,MM,B19,P,rep4,Frozen,Arthritica,960,,0.8531,0.4329,,0.507443442,0,0,500
Flinders-HCHB,2020,Feb,MM,B19,P,rep5,Frozen,Arthritica,1355,,1.4014,0.7654,,0.546168118,0,0,500
Flinders-HCHB,2020,Feb,MM,B19,S,rep1,Frozen,Arthritica,930,,1.7298,0.9357,,0.540929587,0,0,500
Flinders-HCHB,2020,Feb,MM,B19,S,rep2,Frozen,Arthritica,1398,,2.7704,1.6711,,0.603198094,0,0,500
Flinders-HCHB,2020,Feb,MM,B19,S,rep3,Frozen,Arthritica,1702,,2.1586,1.2384,,0.573705179,0,0,500
Flinders-HCHB,2020,Feb,MM,B19,S,rep4,Frozen,Arthritica,1113,,1.5405,0.8667,,0.562609542,0,0,500
Flinders-HCHB,2020,Feb,MM,B19,S,rep5,Frozen,Arthritica,1444,,2.0235,1.0755,,0.531504818,0,0,500
Flinders-HCHB,2020,Feb,MM,B19,S,J1,Frozen,Arthritica,1549,,2.9812,1.5798,,0.529920837,0,0,500
Flinders-HCHB,2020,Feb,MM,B19,I,rep1,Frozen,Arthritica,452,,0.6557,0.3721,,0.56748513,0,0,500
Flinders-HCHB,2020,Feb,MM,B19,I,rep2,Frozen,Arthritica,571,,1.0131,0.5284,,0.521567466,0,0,500
Flinders-HCHB,2020,Feb,MM,B19,I,rep3,Frozen,Arthritica,1057,,2.0061,1.0942,,0.545436419,0,0,500
Flinders-HCHB,2020,Feb,MM,B19,I,rep4,Frozen,Arthritica,568,,1.3967,0.7043,,0.504260042,0,0,500
Flinders-HCHB,2020,Feb,MM,B19,I,rep5,Frozen,Arthritica,484,,0.7174,0.3631,,0.506133259,0,0,500
Flinders-HCHB,2020,Feb,MM,B19,I,J1,Frozen,Arthritica,708,,1.0001,0.5498,,0.549745025,0,0,500
Flinders-HCHB,2020,Feb,MM,B19,I,J4,Frozen,Arthritica,735,,1.7758,0.8967,,0.504955513,0,0,500
Flinders-HCHB,2020,Feb,MM,B19,I,J5,Frozen,Arthritica,2251,,2.9989,1.6548,,0.551802328,0,0,500
Flinders-HCHB,2020,Feb,MM,PP,I,rep1,Frozen,Arthritica,1473,,2.4076,1.3418,,0.557318491,0,0,500
Flinders-HCHB,2020,Feb,MM,PP,I,rep2,Frozen,Arthritica,1853,,3.1286,1.5986,,0.51096337,0,0,500
Flinders-HCHB,2020,Feb,MM,PP,I,rep3,Frozen,Arthritica,1095,,1.8348,1.0104,,0.550686723,0,0,500
Flinders-HCHB,2020,Feb,MM,PP,I,rep4,Frozen,Arthritica,1257,,2.4192,1.4325,,0.592137897,0,0,500
Flinders-HCHB,2020,Feb,MM,PP,I,rep5,Frozen,Arthritica,1540,,2.3236,1.3166,,0.566620761,0,0,500
Flinders-HCHB,2020,Feb,MM,PP,I,J1,Frozen,Arthritica,1096,,1.822,1.0731,,0.588968167,0,0,500
Flinders-HCHB,2020,Feb,MM,PP,I,J5,Frozen,Arthritica,1268,,2.0047,1.0604,,0.528956951,0,0,500
Flinders-HCHB,2020,Feb,MM,PP,S,rep1,Frozen,Arthritica,2066,,2.9643,1.4996,,0.505886719,0,0,500
Flinders-HCHB,2020,Feb,MM,PP,S,rep2,Frozen,Arthritica,772,,1.4427,0.7836,,0.543148264,0,0,500
Flinders-HCHB,2020,Feb,MM,PP,S,rep3,Frozen,Arthritica,1002,,1.9264,0.9535,,0.494964701,0,0,500
Flinders-HCHB,2020,Feb,MM,PP,S,rep4,Frozen,Arthritica,808,,1.3098,0.7689,,0.587036189,0,0,500
Flinders-HCHB,2020,Feb,MM,PP,S,rep5,Frozen,Arthritica,500,,0.9351,0.5773,,0.617367127,0,0,500
Flinders-HCHB,2020,Feb,MM,PP,S,J2,Frozen,Arthritica,1066,,1.4451,0.8417,,0.582451041,0,0,500
Flinders-HCHB,2020,Feb,MM,PP,S,J4,Frozen,Arthritica,1097,,1.3007,0.7168,,0.551087876,0,0,500
Flinders-HCHB,2020,Feb,NL,LP,I,rep1,Frozen,Arthritica,424,,0.6657,0.3415,,0.512993841,0,0,500
Flinders-HCHB,2020,Feb,NL,LP,I,rep2,Frozen,Arthritica,382,,0.73,0.4249,,0.582054795,0,0,500
Flinders-HCHB,2020,Feb,NL,LP,I,rep3,Frozen,Arthritica,342,,0.8108,0.437,,0.538973853,0,0,500
Flinders-HCHB,2020,Feb,NL,LP,I,rep4,Frozen,Arthritica,664,,1.4381,0.7153,,0.497392393,0,0,500
Flinders-HCHB,2020,Feb,NL,LP,I,rep5,Frozen,Arthritica,703,,1.6282,0.8054,,0.494656676,0,0,500
Flinders-HCHB,2020,Feb,NL,LP,I,J5,Frozen,Arthritica,502,,,,,#DIV/0!,#DIV/0!,#DIV/0!,500
Flinders-HCHB,2020,Feb,NL,LP,S,rep1,Frozen,Arthritica,1213,,1.2347,0.7834,,0.63448611,0,0,500
Flinders-HCHB,2020,Feb,NL,LP,S,rep2,Frozen,Arthritica,1051,,1.1801,0.7589,,0.643081095,0,0,500
Flinders-HCHB,2020,Feb,NL,LP,S,rep4,Frozen,Arthritica,1307,,1.5644,0.9426,,0.602531322,0,0,500
Flinders-HCHB,2020,Feb,NL,LP,S,rep5,Frozen,Arthritica,1408,,1.4066,0.9109,,0.647589933,0,0,500
Flinders-HCHB,2020,Feb,NL,NM,I,rep1,Frozen,Arthritica,3,,0.0064,0.0033,,0.515625,0,0,500
Flinders-HCHB,2020,Feb,NL,NM,I,rep2,Frozen,Arthritica,6,,0.0247,0.0157,,0.63562753,0,0,500
Flinders-HCHB,2020,Feb,NL,NM,I,rep3,Frozen,Arthritica,3,,0.0101,0.0055,,0.544554455,0,0,500
Flinders-HCHB,2020,Feb,NL,NM,I,rep4,Frozen,Arthritica,12,,0.0178,0.0118,,0.662921348,0,0,500
Flinders-HCHB,2020,Feb,NL,NM,I,rep5,Frozen,Arthritica,2,,0.005,0.0029,,0.58,0,0,500
Flinders-HCHB,2020,Feb,NL,NM,S,rep1,Frozen,Arthritica,14,,0.0399,0.0219,,0.54887218,0,0,500
Flinders-HCHB,2020,Feb,NL,NM,S,rep2,Frozen,Arthritica,28,,0.0855,0.0488,,0.570760234,0,0,500
Flinders-HCHB,2020,Feb,NL,NM,S,rep3,Frozen,Arthritica,72,,0.1839,0.099,,0.538336052,0,0,500
Flinders-HCHB,2020,Feb,NL,NM,S,rep4,Frozen,Arthritica,72,,0.1654,0.1036,,0.626360339,0,0,500
Flinders-HCHB,2020,Feb,NL,NM,S,rep5,Frozen,Arthritica,63,,0.1515,0.0917,,0.605280528,0,0,500
Flinders-HCHB,2020,Feb,MM,B19,P,rep2,Frozen,Hydrobiidae,218,,0.5597,0.3114,,0.556369484,0,0,500
Flinders-HCHB,2020,Feb,MM,B19,P,rep3,Frozen,Hydrobiidae,158,,0.6787,0.3948,,0.581700309,0,0,500
Flinders-HCHB,2020,Feb,MM,B19,P,rep4,Frozen,Hydrobiidae,49,,0.2944,0.1738,,0.590353261,0,0,500
Flinders-HCHB,2020,Feb,MM,B19,P,rep5,Frozen,Hydrobiidae,123,,0.4679,0.2754,,0.588587305,0,0,500
Flinders-HCHB,2020,Feb,MM,B19,S,rep1,Frozen,Hydrobiidae,51,,0.2494,0.1541,,0.617882919,0,0,500
Flinders-HCHB,2020,Feb,MM,B19,S,rep2,Frozen,Hydrobiidae,97,,0.5605,0.3522,,0.628367529,0,0,500
Flinders-HCHB,2020,Feb,MM,B19,S,rep3,Frozen,Hydrobiidae,121,,0.4483,0.2702,,0.602721392,0,0,500
Flinders-HCHB,2020,Feb,MM,B19,S,rep4,Frozen,Hydrobiidae,124,,0.6215,0.381,,0.613032985,0,0,500
Flinders-HCHB,2020,Feb,MM,B19,S,rep5,Frozen,Hydrobiidae,173,,0.6955,0.4177,,0.600575126,0,0,500
Flinders-HCHB,2020,Feb,MM,B19,S,J1,Frozen,Hydrobiidae,85,,0.5722,0.3674,,0.642083188,0,0,500
Flinders-HCHB,2020,Feb,MM,B19,I,rep1,Frozen,Hydrobiidae,6,,0.0537,0.0347,,0.646182495,0,0,500
Flinders-HCHB,2020,Feb,MM,B19,I,rep2,Frozen,Hydrobiidae,6,,0.0429,0.0268,,0.624708625,0,0,500
Flinders-HCHB,2020,Feb,MM,B19,I,rep3,Frozen,Hydrobiidae,37,,0.316,0.1891,,0.598417722,0,0,500
Flinders-HCHB,2020,Feb,MM,B19,I,rep4,Frozen,Hydrobiidae,19,,0.1583,0.095,,0.600126342,0,0,500
Flinders-HCHB,2020,Feb,MM,B19,I,rep5,Frozen,Hydrobiidae,11,,0.0866,0.0514,,0.593533487,0,0,500
Flinders-HCHB,2020,Feb,MM,B19,I,J1,Frozen,Hydrobiidae,8,,0.0754,0.047,,0.623342175,0,0,500
Flinders-HCHB,2020,Feb,MM,B19,I,J4,Frozen,Hydrobiidae,12,,0.109,0.0667,,0.611926606,0,0,500
Flinders-HCHB,2020,Feb,MM,B19,I,J5,Frozen,Hydrobiidae,93,,0.7296,0.4515,,0.618832237,0,0,500
Flinders-HCHB,2020,Feb,MM,PP,I,rep1,Frozen,Hydrobiidae,190,,0.1416,0.0698,,0.492937853,0,0,500
Flinders-HCHB,2020,Feb,MM,PP,I,rep2,Frozen,Hydrobiidae,54,,0.0549,0.0297,,0.540983607,0,0,500
Flinders-HCHB,2020,Feb,MM,PP,I,rep3,Frozen,Hydrobiidae,144,,0.0756,0.0378,,0.5,0,0,500
Flinders-HCHB,2020,Feb,MM,PP,I,rep4,Frozen,Hydrobiidae,77,,0.0657,0.0293,,0.445966514,0,0,500
Flinders-HCHB,2020,Feb,MM,PP,I,rep5,Frozen,Hydrobiidae,75,,0.0532,0.0288,,0.541353383,0,0,500
Flinders-HCHB,2020,Feb,MM,PP,I,J1,Frozen,Hydrobiidae,316,,0.1476,0.0691,,0.468157182,0,0,500
Flinders-HCHB,2020,Feb,MM,PP,I,J5,Frozen,Hydrobiidae,120,,0.0823,0.0369,,0.44835966,0,0,500
Flinders-HCHB,2020,Feb,MM,PP,S,rep1,Frozen,Hydrobiidae,220,,0.1436,0.0768,,0.534818942,0,0,500
Flinders-HCHB,2020,Feb,MM,PP,S,rep2,Frozen,Hydrobiidae,102,,0.0839,0.0433,,0.516090584,0,0,500
Flinders-HCHB,2020,Feb,MM,PP,S,rep3,Frozen,Hydrobiidae,140,,0.0968,0.0503,,0.519628099,0,0,500
Flinders-HCHB,2020,Feb,MM,PP,S,rep4,Frozen,Hydrobiidae,32,,0.0391,0.0223,,0.570332481,0,0,500
Flinders-HCHB,2020,Feb,MM,PP,S,rep5,Frozen,Hydrobiidae,45,,0.0371,0.0198,,0.533692722,0,0,500
Flinders-HCHB,2020,Feb,MM,PP,S,J2,Frozen,Hydrobiidae,305,,0.1873,0.0927,,0.494927923,0,0,500
Flinders-HCHB,2020,Feb,MM,PP,S,J4,Frozen,Hydrobiidae,190,,0.1037,0.0528,,0.509161041,0,0,500
Flinders-HCHB,2020,Feb,NL,LP,I,rep1,Frozen,Hydrobiidae,6,,0.0046,0.0023,,0.5,0,0,500
Flinders-HCHB,2020,Feb,NL,LP,I,rep2,Frozen,Hydrobiidae,4,,0.0114,0.0004,,0.035087719,0,0,500
Flinders-HCHB,2020,Feb,NL,LP,I,rep3,Frozen,Hydrobiidae,45,,0.0705,0.032,,0.453900709,0,0,500
Flinders-HCHB,2020,Feb,NL,LP,I,rep4,Frozen,Hydrobiidae,2,,0.0032,0.0004,,0.125,0,0,500
Flinders-HCHB,2020,Feb,NL,LP,I,rep5,Frozen,Hydrobiidae,17,,0.0217,0.0071,,0.32718894,0,0,500
Flinders-HCHB,2020,Feb,NL,LP,I,J5,Frozen,Hydrobiidae,3,,,,,#DIV/0!,#DIV/0!,#DIV/0!,500
Flinders-HCHB,2020,Feb,NL,LP,S,rep4,Frozen,Hydrobiidae,2,,0.0041,0.0021,,0.512195122,0,0,500
Flinders-HCHB,2020,Feb,MM,B19,P,rep2,Frozen,Salinator,43,,0.366,0.1445,,0.394808743,0,0,500
Flinders-HCHB,2020,Feb,MM,B19,P,rep3,Frozen,Salinator,9,,0.0079,0.0036,,0.455696203,0,0,500
Flinders-HCHB,2020,Feb,MM,B19,P,rep4,Frozen,Salinator,17,,0.8767,0.3623,,0.413254249,0,0,500
Flinders-HCHB,2020,Feb,MM,B19,P,rep5,Frozen,Salinator,16,,0.9316,0.3961,,0.425182482,0,0,500
Flinders-HCHB,2020,Feb,MM,B19,S,rep1,Frozen,Salinator,2,,0.0132,0.0036,,0.272727273,0,0,500
Flinders-HCHB,2020,Feb,MM,B19,S,rep2,Frozen,Salinator,4,,0.0073,0.003,,0.410958904,0,0,500
Flinders-HCHB,2020,Feb,MM,B19,S,rep3,Frozen,Salinator,1,,0,0,,#DIV/0!,#DIV/0!,#DIV/0!,500
Flinders-HCHB,2020,Feb,MM,B19,S,rep4,Frozen,Salinator,,,0.0007,0.001,,1.428571429,0,0,500
Flinders-HCHB,2020,Feb,MM,B19,S,rep5,Frozen,Salinator,1,,0.0068,0.0019,,0.279411765,0,0,500
Flinders-HCHB,2020,Feb,MM,B19,S,J1,Frozen,Salinator,2,,0.0161,0.0045,,0.279503106,0,0,500
Flinders-HCHB,2020,Feb,MM,B19,I,rep2,Frozen,Salinator,4,,0.5356,0.201,,0.37528006,0,0,500
Flinders-HCHB,2020,Feb,MM,B19,I,rep3,Frozen,Salinator,3,,0.2582,0.1182,,0.457784663,0,0,500
Flinders-HCHB,2020,Feb,MM,B19,I,rep4,Frozen,Salinator,4,,0.4869,0.1759,,0.361265147,0,0,500
Flinders-HCHB,2020,Feb,MM,B19,I,rep5,Frozen,Salinator,3,,0.1766,0.0659,,0.373159683,0,0,500
Flinders-HCHB,2020,Feb,MM,B19,I,J4,Frozen,Salinator,2,,0.1799,0.0784,,0.435797665,0,0,500
Flinders-HCHB,2020,Feb,MM,B19,I,J5,Frozen,Salinator,6,,0.6032,0.2449,,0.406001326,0,0,500
Flinders-HCHB,2020,Feb,MM,PP,I,rep1,Frozen,Salinator,5,,0.002,0.0001,,0.05,0,0,500
Flinders-HCHB,2020,Feb,MM,PP,I,rep5,Frozen,Salinator,2,,0.0004,0,,0,#DIV/0!,0,500
Flinders-HCHB,2020,Feb,MM,PP,I,J1,Frozen,Salinator,6,,0.0012,0.0005,,0.416666667,0,0,500
Flinders-HCHB,2020,Feb,MM,PP,I,J5,Frozen,Salinator,9,,0.0009,0.0002,,0.222222222,0,0,500
Flinders-HCHB,2020,Feb,MM,PP,S,rep1,Frozen,Salinator,19,,0.0034,0.002,,0.588235294,0,0,500
Flinders-HCHB,2020,Feb,MM,PP,S,J4,Frozen,Salinator,1,,0,0,,#DIV/0!,#DIV/0!,#DIV/0!,500
Flinders-HCHB,2020,Feb,NL,LP,I,rep4,Frozen,Salinator,1,,0.0053,0.0017,,0.320754717,0,0,500
Flinders-HCHB,2020,Feb,NL,LP,I,J5,Frozen,Salinator,3,,,,,#DIV/0!,#DIV/0!,#DIV/0!,500
Flinders-HCHB,2020,Feb,NL,LP,S,rep2,Frozen,Salinator,1,,0.0013,0.0006,,0.461538462,0,0,500
Flinders-HCHB,2020,Feb,NL,NM,I,rep1,Frozen,Salinator,1,,0.0016,0.0008,,0.5,0,0,500
Flinders-HCHB,2020,Feb,NL,NM,I,rep2,Frozen,Salinator,6,,0.0197,0.0096,,0.487309645,0,0,500
Flinders-HCHB,2020,Feb,NL,NM,I,rep3,Frozen,Salinator,3,,0.3776,0.1564,,0.414194915,0,0,500
Flinders-HCHB,2020,Feb,NL,NM,I,rep4,Frozen,Salinator,6,,0.0113,0.0057,,0.504424779,0,0,500
Flinders-HCHB,2020,Feb,NL,NM,I,rep5,Frozen,Salinator,4,,0.0075,0.0034,,0.453333333,0,0,500
Flinders-HCHB,2020,Feb,NL,NM,S,rep1,Frozen,Salinator,2,,0.0255,0.01,,0.392156863,0,0,500
Flinders-HCHB,2020,Feb,NL,NM,S,rep2,Frozen,Salinator,5,,0.0525,0.0234,,0.445714286,0,0,500
Flinders-HCHB,2020,Feb,NL,NM,S,rep3,Frozen,Salinator,7,,0.0412,0.0171,,0.415048544,0,0,500
Flinders-HCHB,2020,Feb,NL,NM,S,rep4,Frozen,Salinator,3,,0.0213,0.0081,,0.38028169,0,0,500
Flinders-HCHB,2020,Feb,NL,NM,S,rep5,Frozen,Salinator,6,,0.0617,0.0264,,0.427876823,0,0,500
Flinders-HCHB,2020,Feb,MM,B19,S,rep1,Frozen,Paragrapsus,2,,0.3188,0.0855,,0.268193225,0,0,500
Flinders-HCHB,2020,Feb,MM,B19,S,rep2,Frozen,Paragrapsus,2,,0.0152,0.0044,,0.289473684,0,0,500
Flinders-HCHB,2020,Feb,MM,B19,S,rep4,Frozen,Paragrapsus,2,,0.1033,0.0322,,0.311713456,0,0,500
Flinders-HCHB,2020,Feb,MM,B19,I,J5,Frozen,Paragrapsus,1,,0.077,0.0265,,0.344155844,0,0,500
Flinders-HCHB,2020,Feb,MM,B19,S,rep1,Frozen,Amarinus laevis,1,,0.0007,0,,0,#DIV/0!,0,500
Flinders-HCHB,2020,Feb,MM,B19,S,J1,Frozen,Amarinus laevis,1,,0.0005,1E-04,,0.2,0,0,500
Flinders-HCHB,2020,Feb,MM,B19,P,rep4,Frozen,Soletellina,1,0.0618,0.0482,0.0045,,0.093360996,0,0,500
Flinders-HCHB,2020,Feb,MM,B19,S,rep1,Frozen,Soletellina,7,6.3148,3.9624,0.4797,,0.121062992,0,0,500
Flinders-HCHB,2020,Feb,MM,B19,S,rep2,Frozen,Soletellina,1,1.0791,0.7017,0.1273,,0.18141656,0,0,500
Flinders-HCHB,2020,Feb,MM,B19,S,rep4,Frozen,Soletellina,4,6.018,3.0916,0.3562,,0.115215422,0,0,500
Flinders-HCHB,2020,Feb,MM,B19,S,J1,Frozen,Soletellina,6,0.8361,0.5483,0.1202,,0.219223053,0,0,500
Flinders-HCHB,2020,Feb,MM,B19,I,rep3,Frozen,Soletellina,1,0.0713,0.0453,0.0057,,0.125827815,0,0,500
Flinders-HCHB,2020,Feb,MM,B19,I,J1,Frozen,Soletellina,1,0.0414,0.0216,0.0022,,0.101851852,0,0,500
Flinders-HCHB,2020,Feb,MM,B19,I,J4,Frozen,Soletellina,1,0.1288,0.0715,0.0052,,0.072727273,0,0,500
Flinders-HCHB,2020,Feb,MM,PP,I,rep2,Frozen,Soletellina,1,0.0155,0.0088,0.0006,,0.068181818,0,0,500
Flinders-HCHB,2020,Feb,MM,PP,I,rep4,Frozen,Soletellina,1,0.0267,0.0161,0.0011,,0.068322981,0,0,500
Flinders-HCHB,2020,Feb,MM,PP,I,rep5,Frozen,Soletellina,1,0.0449,0.0172,0.0058,,0.337209302,0,0,500
Flinders-HCHB,2020,Feb,MM,PP,I,J1,Frozen,Soletellina,1,0.0243,0.0157,0.003,,0.191082803,0,0,500
Flinders-HCHB,2020,Feb,NL,LP,S,rep5,Frozen,Soletellina,1,0.7429,0.2349,0.0417,,0.17752235,0,0,500
Flinders-HCHB,2020,Feb,MM,B19,S,rep1,Frozen,Spisula,1,1.7199,0.4231,0.0626,,0.147955566,0,0,500
Flinders-HCHB,2020,Feb,MM,B19,S,rep5,Frozen,Spisula,2,2.8345,0.6251,0.0613,,0.09806431,0,0,500
Flinders-HCHB,2020,Feb,MM,B19,S,J1,Frozen,Spisula,2,0.5022,0.1697,0.0289,,0.17030053,0,0,500
Flinders-HCHB,2020,Feb,MM,B19,I,J5,Frozen,Spisula,1,,,,,#DIV/0!,#DIV/0!,#DIV/0!,500
Flinders-HCHB,2020,Feb,NL,LP,S,rep2,Frozen,Spisula,2,3.7114,0.6106,0.1101,,0.180314445,0,0,500
Flinders-HCHB,2020,Feb,NL,LP,S,rep4,Frozen,Spisula,2,3.2829,0.7517,0.1869,,0.248636424,0,0,500
Flinders-HCHB,2020,Feb,NL,NM,S,rep4,Frozen,Spisula,6,3.6603,0.6516,0.1699,,0.260742787,0,0,500
Flinders-HCHB,2020,Feb,NL,NM,S,rep5,Frozen,Spisula,1,0.0771,0.0114,0.0022,,0.192982456,0,0,500
Flinders-HCHB,2020,Feb,MM,B19,P,rep2,Frozen,Phyllodoce,7,,0.1301,0.0045,,0.034588778,0,0,500
Flinders-HCHB,2020,Feb,MM,B19,P,rep3,Frozen,Phyllodoce,7,,0.1456,0.0099,,0.067994505,0,0,500
Flinders-HCHB,2020,Feb,MM,B19,P,rep4,Frozen,Phyllodoce,6,,0.1581,0.0108,,0.068311195,0,0,500
Flinders-HCHB,2020,Feb,MM,B19,P,rep5,Frozen,Phyllodoce,7,,0.3147,0.0197,,0.062599301,0,0,500
Flinders-HCHB,2020,Feb,MM,B19,S,rep1,Frozen,Phyllodoce,2,,0.0097,0.0002,,0.020618557,0,0,500
Flinders-HCHB,2020,Feb,MM,B19,S,rep2,Frozen,Phyllodoce,9,,0.0602,0.0032,,0.053156146,0,0,500
Flinders-HCHB,2020,Feb,MM,B19,S,rep3,Frozen,Phyllodoce,8,,0.1571,0.013,,0.082749841,0,0,500
Flinders-HCHB,2020,Feb,MM,B19,S,rep4,Frozen,Phyllodoce,9,,0.2287,0.0099,,0.04328815,0,0,500
Flinders-HCHB,2020,Feb,MM,B19,S,rep5,Frozen,Phyllodoce,7,,0.24,0.0129,,0.05375,0,0,500
Flinders-HCHB,2020,Feb,MM,B19,S,J1,Frozen,Phyllodoce,10,,0.1843,0.0156,,0.084644601,0,0,500
Flinders-HCHB,2020,Feb,MM,B19,I,rep2,Frozen,Phyllodoce,1,,0.002,0,,0,#DIV/0!,0,500
Flinders-HCHB,2020,Feb,MM,PP,I,J1,Frozen,Phyllodoce,1,,0.189,0.0112,,0.059259259,0,0,500
Flinders-HCHB,2020,Feb,MM,B19,P,rep4,Frozen,Nephtys,3,,0.0957,0.0073,,0.076280042,0,0,500
Flinders-HCHB,2020,Feb,MM,B19,P,rep5,Frozen,Nephtys,1,,0.0142,0,,0,#DIV/0!,0,500
Flinders-HCHB,2020,Feb,MM,B19,S,rep1,Frozen,Nephtys,10,,0.1328,0.0076,,0.057228916,0,0,500
Flinders-HCHB,2020,Feb,MM,B19,S,rep2,Frozen,Nephtys,8,,0.6461,0.0396,,0.061290822,0,0,500
Flinders-HCHB,2020,Feb,MM,B19,S,rep3,Frozen,Nephtys,8,,0.2462,0.0145,,0.058895207,0,0,500
Flinders-HCHB,2020,Feb,MM,B19,S,rep4,Frozen,Nephtys,7,,0.3121,0.0278,,0.089074015,0,0,500
Flinders-HCHB,2020,Feb,MM,B19,S,rep5,Frozen,Nephtys,7,,0.1525,0.011,,0.072131148,0,0,500
Flinders-HCHB,2020,Feb,MM,B19,S,J1,Frozen,Nephtys,27,,0.8565,0.0769,,0.089784005,0,0,500
Flinders-HCHB,2020,Feb,MM,B19,S,rep3,Frozen,Boccardiella,1,,0.0009,0.0004,,0.444444444,0,0,500
Flinders-HCHB,2020,Feb,MM,B19,S,rep4,Frozen,Boccardiella,6,,0.0088,0.0003,,0.034090909,0,0,500
Flinders-HCHB,2020,Feb,MM,B19,I,rep5,Frozen,Boccardiella,4,,0.0014,0,,0,#DIV/0!,0,500
Flinders-HCHB,2020,Feb,MM,B19,I,J1,Frozen,Boccardiella,2,,1E-04,0,,0,#DIV/0!,0,500
Flinders-HCHB,2020,Feb,MM,B19,I,J5,Frozen,Boccardiella,10,,0.0003,0,,0,#DIV/0!,0,500
Flinders-HCHB,2020,Feb,MM,PP,I,rep2,Frozen,Boccardiella,5,,0.0002,0.0002,,1,0,0,500
Flinders-HCHB,2020,Feb,MM,PP,I,rep3,Frozen,Boccardiella,3,,,,,#DIV/0!,#DIV/0!,#DIV/0!,500
Flinders-HCHB,2020,Feb,MM,PP,I,rep5,Frozen,Boccardiella,3,,0.0024,0.001,,0.416666667,0,0,500
Flinders-HCHB,2020,Feb,MM,PP,S,rep1,Frozen,Boccardiella,92,,0.0287,0.0037,,0.128919861,0,0,500
Flinders-HCHB,2020,Feb,MM,PP,S,J2,Frozen,Boccardiella,51,,0.0105,0.0011,,0.104761905,0,0,500
Flinders-HCHB,2020,Feb,MM,PP,S,J4,Frozen,Boccardiella,68,,0.0089,0.0008,,0.08988764,0,0,500
Flinders-HCHB,2020,Feb,NL,LP,I,rep2,Frozen,Boccardiella,1,,0.0119,0,,0,#DIV/0!,0,500
Flinders-HCHB,2020,Feb,NL,LP,I,rep4,Frozen,Boccardiella,10,,0.0129,0.0008,,0.062015504,0,0,500
Flinders-HCHB,2020,Feb,NL,LP,I,rep5,Frozen,Boccardiella,1,,,,,#DIV/0!,#DIV/0!,#DIV/0!,500
Flinders-HCHB,2020,Feb,NL,LP,I,rep4,Frozen,Ficopomatus,7,,0.1295,0.0085,,0.065637066,0,0,500
Flinders-HCHB,2020,Feb,SL,HG,I,rep2,Frozen,Ceratopogonidae,2,,0.0016,0.0007,,0.4375,0,0,500
Flinders-HCHB,2020,Feb,SL,JP,S,rep4,Frozen,Ceratopogonidae,1,,0.0002,0.0001,,0.5,0,0,500
Flinders-HCHB,2020,Feb,SL,SC,S,rep5,Frozen,Ceratopogonidae,2,,0.0006,0.0002,,0.333333333,0,0,500
Flinders-HCHB,2020,Feb,NL,NM,I,rep2,Frozen,Dolichopodidae,1,,0.0003,1E-04,,0.333333333,0,0,500
Flinders-HCHB,2020,Feb,NL,NM,I,rep5,Frozen,Dolichopodidae,3,,0.0025,0.0002,,0.08,0,0,500
Flinders-HCHB,2020,Feb,SL,HG,S,rep2,Frozen,Empididae,1,,0.0011,0,,0,#DIV/0!,0,500
Flinders-HCHB,2020,Feb,SL,HG,I,rep1,Frozen,Diptera,1,,0.0004,0.0002,,0.5,0,0,500
Flinders-HCHB,2020,Feb,SL,HG,I,rep3,Frozen,Diptera,1,,0.0114,0.0023,,0.201754386,0,0,500
Flinders-HCHB,2020,Feb,SL,HG,I,rep4,Frozen,Diptera,5,,0.0133,0.0025,,0.187969925,0,0,500
Flinders-HCHB,2020,Feb,MM,B19,S,rep1,Frozen,Mysidacea,1,,0.0012,0,,0,#DIV/0!,0,500
Flinders-HCHB,2020,Feb,MM,B19,S,rep3,Frozen,Mysidacea,1,,0.0027,0.0001,,0.037037037,0,0,500
Flinders-HCHB,2020,Feb,MM,B19,S,rep4,Frozen,Mysidacea,1,,0.0026,0.0008,,0.307692308,0,0,500
Flinders-HCHB,2020,Feb,MM,B19,S,rep5,Frozen,Mysidacea,2,,0.0039,0.0005,,0.128205128,0,0,500
Flinders-HCHB,2020,Feb,MM,B19,S,J1,Frozen,Mysidacea,2,,0.0068,0.0006,,0.088235294,0,0,500
Flinders-HCHB,2020,Feb,MM,PP,I,rep3,Frozen,Mysidacea,1,,0.0073,0.0018,,0.246575342,0,0,500
Flinders-HCHB,2020,Feb,MM,PP,S,J2,Frozen,Mysidacea,1,,0.0028,0.0001,,0.035714286,0,0,500
Flinders-HCHB,2020,Feb,NL,LP,S,rep2,Frozen,Mysidacea,1,,0.0024,0.0002,,0.083333333,0,0,500
Flinders-HCHB,2020,Feb,NL,LP,S,rep4,Frozen,Mysidacea,1,,0.0212,0.0026,,0.122641509,0,0,500
Flinders-HCHB,2020,Feb,NL,LP,S,rep5,Frozen,Mysidacea,2,,0.0153,0.0029,,0.189542484,0,0,500
Flinders-HCHB,2020,Feb,SL,HG,S,rep2,Frozen,Haloniscus searlei,1,,0.0085,0.0022,,0.258823529,0,0,500
Flinders-HCHB,2020,Feb,MM,B19,S,J1,Frozen,Ostracoda,2,,0,0,,#DIV/0!,#DIV/0!,#DIV/0!,500
Flinders-HCHB,2020,Mar,MM,B19,P,rep1,Frozen,Simplisetia,72,,0.0275,0.0019,,0.069090909,0,0,500
Flinders-HCHB,2020,Mar,MM,B19,P,rep2,Frozen,Simplisetia,67,,0.0394,0.0025,,0.063451777,0,0,500
Flinders-HCHB,2020,Mar,MM,B19,P,rep3,Frozen,Simplisetia,39,,0.0138,0.0004,,0.028985507,0,0,500
Flinders-HCHB,2020,Mar,MM,B19,P,rep4,Frozen,Simplisetia,30,,0.0788,0.0057,,0.072335025,0,0,500
Flinders-HCHB,2020,Mar,MM,B19,P,rep5,Frozen,Simplisetia,122,,0.0768,0.0045,,0.05859375,0,0,500
Flinders-HCHB,2020,Mar,MM,B19,S,rep4,Frozen,Simplisetia,2,,0.0076,0.0002,,0.026315789,0,0,500
Flinders-HCHB,2020,Mar,MM,B19,S,rep5,Frozen,Simplisetia,1,,0.0026,0,,0,#DIV/0!,0,500
Flinders-HCHB,2020,Mar,MM,B19,I,rep1,Frozen,Simplisetia,342,,1.2169,0.0716,,0.058838031,0,0,500
Flinders-HCHB,2020,Mar,MM,B19,I,rep2,Frozen,Simplisetia,189,,1.0665,0.0879,,0.082419128,0,0,500
Flinders-HCHB,2020,Mar,MM,B19,I,rep3,Frozen,Simplisetia,341,,1.3585,0.1094,,0.080529996,0,0,500
Flinders-HCHB,2020,Mar,MM,B19,I,rep4,Frozen,Simplisetia,278,,1.4694,0.1091,,0.074247992,0,0,500
Flinders-HCHB,2020,Mar,MM,B19,I,rep5,Frozen,Simplisetia,332,,1.0434,0.0587,,0.056258386,0,0,500
Flinders-HCHB,2020,Mar,MM,PP,I,rep1,Frozen,Simplisetia,108,,0.3943,0.0284,,0.072026376,0,0,500
Flinders-HCHB,2020,Mar,MM,PP,I,rep2,Frozen,Simplisetia,60,,0.1293,0.0135,,0.104408353,0,0,500
Flinders-HCHB,2020,Mar,MM,PP,I,rep3,Frozen,Simplisetia,172,,0.8228,0.043,,0.052260574,0,0,500
Flinders-HCHB,2020,Mar,MM,PP,I,rep4,Frozen,Simplisetia,136,,0.2883,0.0193,,0.066944155,0,0,500
Flinders-HCHB,2020,Mar,MM,PP,I,rep5,Frozen,Simplisetia,133,,0.57,0.0268,,0.047017544,0,0,500
Flinders-HCHB,2020,Mar,MM,PP,S,rep1,Frozen,Simplisetia,19,,0.0074,1E-04,,0.013513514,0,0,500
Flinders-HCHB,2020,Mar,MM,PP,S,rep3,Frozen,Simplisetia,9,,0.0298,0.0013,,0.043624161,0,0,500
Flinders-HCHB,2020,Mar,MM,PP,S,rep4,Frozen,Simplisetia,3,,0.0001,0,,0,#DIV/0!,0,500
Flinders-HCHB,2020,Mar,MM,PP,P,rep1,Frozen,Simplisetia,4,,0.0048,1E-04,,0.020833333,0,0,500
Flinders-HCHB,2020,Mar,MM,PP,P,rep2,Frozen,Simplisetia,11,,0.0074,0,,0,#DIV/0!,0,500
Flinders-HCHB,2020,Mar,MM,PP,P,rep3,Frozen,Simplisetia,3,,0.0002,0.0001,,0.5,0,0,500
Flinders-HCHB,2020,Mar,MM,PP,P,rep4,Frozen,Simplisetia,26,,0.0171,0.0008,,0.046783626,0,0,500
Flinders-HCHB,2020,Mar,MM,PP,P,rep5,Frozen,Simplisetia,2,,0.0017,0,,0,#DIV/0!,0,500
Flinders-HCHB,2020,Mar,NL,LP,I,rep1,Frozen,Simplisetia,77,,0.4255,0.0334,,0.078495887,0,0,500
Flinders-HCHB,2020,Mar,NL,LP,I,rep2,Frozen,Simplisetia,65,,0.2176,0.0147,,0.067555147,0,0,500
Flinders-HCHB,2020,Mar,NL,LP,I,rep3,Frozen,Simplisetia,18,,0.0297,0.0045,,0.151515152,0,0,500
Flinders-HCHB,2020,Mar,NL,LP,I,rep4,Frozen,Simplisetia,98,,0.2914,0.0217,,0.074468085,0,0,500
Flinders-HCHB,2020,Mar,NL,LP,I,rep5,Frozen,Simplisetia,98,,0.2783,0.018,,0.064678405,0,0,500
Flinders-HCHB,2020,Mar,NL,LP,S,rep1,Frozen,Simplisetia,2,,0.0039,0,,0,#DIV/0!,0,500
Flinders-HCHB,2020,Mar,NL,LP,S,rep2,Frozen,Simplisetia,4,,0.0188,0.0015,,0.079787234,0,0,500
Flinders-HCHB,2020,Mar,NL,LP,S,rep4,Frozen,Simplisetia,4,,0.0111,0.0008,,0.072072072,0,0,500
Flinders-HCHB,2020,Mar,NL,LP,S,rep5,Frozen,Simplisetia,2,,0.0082,0.0006,,0.073170732,0,0,500
Flinders-HCHB,2020,Mar,NL,LP,P,rep1,Frozen,Simplisetia,93,,0.3553,0.0216,,0.060793695,0,0,500
Flinders-HCHB,2020,Mar,NL,LP,P,rep2,Frozen,Simplisetia,54,,0.0473,0.0019,,0.040169133,0,0,500
Flinders-HCHB,2020,Mar,NL,LP,P,rep3,Frozen,Simplisetia,46,,0.1824,0.0082,,0.04495614,0,0,500
Flinders-HCHB,2020,Mar,NL,LP,P,rep4,Frozen,Simplisetia,90,,0.1795,0.0114,,0.063509749,0,0,500
Flinders-HCHB,2020,Mar,NL,LP,P,rep5,Frozen,Simplisetia,77,,0.2536,0.0139,,0.054810726,0,0,500
Flinders-HCHB,2020,Mar,NL,NM,I,rep2,Frozen,Simplisetia,2,,0.0107,0,,0,#DIV/0!,0,500
Flinders-HCHB,2020,Mar,NL,NM,I,rep3,Frozen,Simplisetia,1,,0.0293,0.0025,,0.085324232,0,0,500
Flinders-HCHB,2020,Mar,NL,NM,I,rep4,Frozen,Simplisetia,3,,0.2408,0.0204,,0.084717608,0,0,500
Flinders-HCHB,2020,Mar,NL,NM,I,rep5,Frozen,Simplisetia,1,,0.0014,0.0005,,0.357142857,0,0,500
Flinders-HCHB,2020,Mar,SL,HG,I,rep5,Frozen,Simplisetia,1,,0.0002,0,,0,#DIV/0!,0,500
Flinders-HCHB,2020,Mar,SL,SC,I,rep2,Frozen,,1,,0.0019,0,,0,#DIV/0!,0,500
Flinders-HCHB,2020,Mar,SL,SC,S,rep1,Frozen,,1,,0.0004,0,,0,#DIV/0!,0,500
Flinders-HCHB,2020,Mar,MM,B19,S,rep1,Frozen,Capitella,7,,0.0212,0.0003,,0.014150943,0,0,500
Flinders-HCHB,2020,Mar,MM,B19,S,rep2,Frozen,Capitella,6,,0.0154,0.001,,0.064935065,0,0,500
Flinders-HCHB,2020,Mar,MM,PP,I,rep1,Frozen,Capitella,1,,0.0003,0,,0,#DIV/0!,0,500
Flinders-HCHB,2020,Mar,MM,PP,I,rep2,Frozen,Capitella,2,,0.0035,0.0003,,0.085714286,0,0,500
Flinders-HCHB,2020,Mar,MM,PP,I,rep3,Frozen,Capitella,5,,0.0046,0,,0,#DIV/0!,0,500
Flinders-HCHB,2020,Mar,MM,PP,I,rep4,Frozen,Capitella,1,,,,,#DIV/0!,#DIV/0!,#DIV/0!,500
Flinders-HCHB,2020,Mar,MM,PP,S,rep1,Frozen,Capitella,4,,0.0011,0,,0,#DIV/0!,0,500
Flinders-HCHB,2020,Mar,MM,PP,S,rep2,Frozen,Capitella,8,,0.0063,0,,0,#DIV/0!,0,500
Flinders-HCHB,2020,Mar,MM,PP,S,rep3,Frozen,Capitella,129,,0.4005,0.0169,,0.042197253,0,0,500
Flinders-HCHB,2020,Mar,MM,PP,S,rep4,Frozen,Capitella,4,,0.001,0,,0,#DIV/0!,0,500
Flinders-HCHB,2020,Mar,MM,PP,P,rep1,Frozen,Capitella,7,,0.0025,1E-04,,0.04,0,0,500
Flinders-HCHB,2020,Mar,MM,PP,P,rep2,Frozen,Capitella,2,,0.001,0,,0,#DIV/0!,0,500
Flinders-HCHB,2020,Mar,MM,PP,P,rep3,Frozen,Capitella,30,,0.0003,0.0002,,0.666666667,0,0,500
Flinders-HCHB,2020,Mar,MM,PP,P,rep4,Frozen,Capitella,17,,0.0035,0,,0,#DIV/0!,0,500
Flinders-HCHB,2020,Mar,MM,PP,P,rep5,Frozen,Capitella,4,,0.0007,0,,0,#DIV/0!,0,500
Flinders-HCHB,2020,Mar,NL,LP,I,rep1,Frozen,Capitella,186,,0.1483,0.0042,,0.028320971,0,0,500
Flinders-HCHB,2020,Mar,NL,LP,I,rep2,Frozen,Capitella,322,,0.1167,0.0041,,0.035132819,0,0,500
Flinders-HCHB,2020,Mar,NL,LP,I,rep3,Frozen,Capitella,218,,0.0088,0.0009,,0.102272727,0,0,500
Flinders-HCHB,2020,Mar,NL,LP,I,rep4,Frozen,Capitella,440,,0.0535,0.0037,,0.069158879,0,0,500
Flinders-HCHB,2020,Mar,NL,LP,I,rep5,Frozen,Capitella,423,,0.1834,0.0038,,0.020719738,0,0,500
Flinders-HCHB,2020,Mar,NL,LP,S,rep1,Frozen,Capitella,5,,0.0016,0,,0,#DIV/0!,0,500
Flinders-HCHB,2020,Mar,NL,LP,S,rep2,Frozen,Capitella,53,,0.0648,0.0032,,0.049382716,0,0,500
Flinders-HCHB,2020,Mar,NL,LP,S,rep3,Frozen,Capitella,24,,0.0252,0.0009,,0.035714286,0,0,500
Flinders-HCHB,2020,Mar,NL,LP,S,rep4,Frozen,Capitella,31,,0.0279,0.0005,,0.017921147,0,0,500
Flinders-HCHB,2020,Mar,NL,LP,S,rep5,Frozen,Capitella,23,,0.0274,0.0014,,0.051094891,0,0,500
Flinders-HCHB,2020,Mar,NL,LP,P,rep1,Frozen,Capitella,246,,0.0973,0.004,,0.041109969,0,0,500
Flinders-HCHB,2020,Mar,NL,LP,P,rep2,Frozen,Capitella,232,,0.0341,0.0018,,0.052785924,0,0,500
Flinders-HCHB,2020,Mar,NL,LP,P,rep3,Frozen,Capitella,125,,0.0286,0,,0,#DIV/0!,0,500
Flinders-HCHB,2020,Mar,NL,LP,P,rep4,Frozen,Capitella,324,,0.0791,0.004,,0.0505689,0,0,500
Flinders-HCHB,2020,Mar,NL,LP,P,rep5,Frozen,Capitella,235,,0.054,0.0016,,0.02962963,0,0,500
Flinders-HCHB,2020,Mar,NL,NM,I,rep1,Frozen,Capitella,111,,0.0787,0.0019,,0.024142313,0,0,500
Flinders-HCHB,2020,Mar,NL,NM,I,rep2,Frozen,Capitella,91,,0.0638,0.0027,,0.042319749,0,0,500
Flinders-HCHB,2020,Mar,NL,NM,I,rep3,Frozen,Capitella,143,,0.0719,0.0055,,0.076495132,0,0,500
Flinders-HCHB,2020,Mar,NL,NM,I,rep4,Frozen,Capitella,253,,0.1003,0.0086,,0.085742772,0,0,500
Flinders-HCHB,2020,Mar,NL,NM,I,rep5,Frozen,Capitella,305,,0.2808,0.0181,,0.064458689,0,0,500
Flinders-HCHB,2020,Mar,NL,NM,S,rep1,Frozen,Capitella,3,,0.0018,0,,0,#DIV/0!,0,500
Flinders-HCHB,2020,Mar,NL,NM,S,rep2,Frozen,Capitella,160,,0.1583,0.0127,,0.080227416,0,0,500
Flinders-HCHB,2020,Mar,NL,NM,S,rep3,Frozen,Capitella,34,,0.0535,0.0003,,0.005607477,0,0,500
Flinders-HCHB,2020,Mar,NL,NM,S,rep4,Frozen,Capitella,9,,0.0104,0.0004,,0.038461538,0,0,500
Flinders-HCHB,2020,Mar,NL,NM,S,rep5,Frozen,Capitella,102,,0.147,0.008,,0.054421769,0,0,500
Flinders-HCHB,2020,Mar,NL,NM,P,rep1,Frozen,Capitella,1,,0.0009,1E-04,,0.111111111,0,0,500
Flinders-HCHB,2020,Mar,NL,NM,P,rep4,Frozen,Capitella,124,,0.0924,0.0032,,0.034632035,0,0,500
Flinders-HCHB,2020,Mar,NL,NM,P,rep5,Frozen,Capitella,64,,0.0527,0.002,,0.037950664,0,0,500
Flinders-HCHB,2020,Mar,MM,B19,P,rep1,Frozen,Chironomidae,4,,0.001,0,,0,#DIV/0!,0,500
Flinders-HCHB,2020,Mar,MM,B19,P,rep2,Frozen,Chironomidae,21,,0.0056,0.0012,,0.214285714,0,0,500
Flinders-HCHB,2020,Mar,MM,B19,P,rep3,Frozen,Chironomidae,7,,0.0021,0,,0,#DIV/0!,0,500
Flinders-HCHB,2020,Mar,MM,B19,P,rep4,Frozen,Chironomidae,4,,0.0025,0.0004,,0.16,0,0,500
Flinders-HCHB,2020,Mar,MM,B19,P,rep5,Frozen,Chironomidae,23,,0.0045,0.0005,,0.111111111,0,0,500
Flinders-HCHB,2020,Mar,MM,B19,I,rep1,Frozen,Chironomidae,1,,,,,#DIV/0!,#DIV/0!,#DIV/0!,500
Flinders-HCHB,2020,Mar,MM,B19,I,rep5,Frozen,Chironomidae,1,,0.0003,0,,0,#DIV/0!,0,500
Flinders-HCHB,2020,Mar,MM,PP,I,rep4,Frozen,Chironomidae,1,,0.0004,0,,0,#DIV/0!,0,500
Flinders-HCHB,2020,Mar,MM,PP,S,rep4,Frozen,Chironomidae,1,,0.0002,0,,0,#DIV/0!,0,500
Flinders-HCHB,2020,Mar,MM,PP,P,rep1,Frozen,Chironomidae,1,,0.0005,0,,0,#DIV/0!,0,500
Flinders-HCHB,2020,Mar,MM,PP,P,rep2,Frozen,Chironomidae,3,,0.0008,0,,0,#DIV/0!,0,500
Flinders-HCHB,2020,Mar,MM,PP,P,rep3,Frozen,Chironomidae,3,,0.0012,0,,0,#DIV/0!,0,500
Flinders-HCHB,2020,Mar,MM,PP,P,rep4,Frozen,Chironomidae,6,,0.0024,0.0003,,0.125,0,0,500
Flinders-HCHB,2020,Mar,NL,LP,S,rep3,Frozen,Chironomidae,1,,0.0008,0,,0,#DIV/0!,0,500
Flinders-HCHB,2020,Mar,NL,NM,I,rep1,Frozen,Chironomidae,1,,0,1E-04,,#DIV/0!,0,#DIV/0!,500
Flinders-HCHB,2020,Mar,NL,NM,I,rep4,Frozen,Chironomidae,83,,0.0585,0.0108,,0.184615385,0,0,500
Flinders-HCHB,2020,Mar,NL,NM,I,rep5,Frozen,Chironomidae,2,,0.0012,0.0004,,0.333333333,0,0,500
Flinders-HCHB,2020,Mar,NL,NM,S,rep2,Frozen,Chironomidae,1,,0.0005,0.0003,,0.6,0,0,500
Flinders-HCHB,2020,Mar,NL,NM,P,rep1,Frozen,Chironomidae,22,,0.0069,0,,0,#DIV/0!,0,500
Flinders-HCHB,2020,Mar,NL,NM,P,rep3,Frozen,Chironomidae,18,,0.01,0,,0,#DIV/0!,0,500
Flinders-HCHB,2020,Mar,NL,NM,P,rep4,Frozen,Chironomidae,4,,0.0042,0.001,,0.238095238,0,0,500
Flinders-HCHB,2020,Mar,NL,NM,P,rep5,Frozen,Chironomidae,9,,0.0046,0.0008,,0.173913043,0,0,500
Flinders-HCHB,2020,Mar,SL,HG,I,rep1,Frozen,Chironomidae,175,,0.0529,0.0093,,0.175803403,0,0,500
Flinders-HCHB,2020,Mar,SL,HG,I,rep2,Frozen,Chironomidae,47,,0.0174,0.002,,0.114942529,0,0,500
Flinders-HCHB,2020,Mar,SL,HG,I,rep3,Frozen,Chironomidae,73,,0.03,0.0055,,0.183333333,0,0,500
Flinders-HCHB,2020,Mar,SL,HG,I,rep4,Frozen,Chironomidae,60,,0.0127,0.0017,,0.133858268,0,0,500
Flinders-HCHB,2020,Mar,SL,HG,I,rep5,Frozen,Chironomidae,101,,0.0311,0.0064,,0.205787781,0,0,500
Flinders-HCHB,2020,Mar,SL,HG,S,rep2,Frozen,Chironomidae,2,,0.0003,0,,0,#DIV/0!,0,500
Flinders-HCHB,2020,Mar,SL,HG,S,rep3,Frozen,Chironomidae,2,,0.0003,0.0001,,0.333333333,0,0,500
Flinders-HCHB,2020,Mar,SL,JP,I,rep1,Frozen,Chironomidae,2,,0.0022,0.0011,,0.5,0,0,500
Flinders-HCHB,2020,Mar,SL,JP,I,rep2,Frozen,Chironomidae,3,,0.0012,0,,0,#DIV/0!,0,500
Flinders-HCHB,2020,Mar,SL,JP,I,rep3,Frozen,Chironomidae,5,,0.0035,0.0014,,0.4,0,0,500
Flinders-HCHB,2020,Mar,SL,JP,I,rep4,Frozen,Chironomidae,5,,0.0056,0.002,,0.357142857,0,0,500
Flinders-HCHB,2020,Mar,SL,JP,I,rep5,Frozen,Chironomidae,2,,0.0031,0.0002,,0.064516129,0,0,500
Flinders-HCHB,2020,Mar,SL,JP,I,rep6,Frozen,Chironomidae,9,,0.007,0.0007,,0.1,0,0,500
Flinders-HCHB,2020,Mar,SL,JP,I,rep7,Frozen,Chironomidae,6,,0.0009,0,,0,#DIV/0!,0,500
Flinders-HCHB,2020,Mar,SL,JP,S,rep1,Frozen,Chironomidae,254,,0.0857,0.0175,,0.2042007,0,0,500
Flinders-HCHB,2020,Mar,SL,JP,S,rep2,Frozen,Chironomidae,124,,0.0541,0.0131,,0.242144177,0,0,500
Flinders-HCHB,2020,Mar,SL,JP,S,rep3,Frozen,Chironomidae,209,,0.0791,0.0166,,0.209860936,0,0,500
Flinders-HCHB,2020,Mar,SL,JP,S,rep4,Frozen,Chironomidae,174,,0.057,0.0103,,0.180701754,0,0,500
Flinders-HCHB,2020,Mar,SL,JP,S,rep5,Frozen,Chironomidae,158,,0.0566,0.0098,,0.173144876,0,0,500
Flinders-HCHB,2020,Mar,SL,JP,S,rep6,Frozen,Chironomidae,209,,0.0753,0.0181,,0.240371846,0,0,500
Flinders-HCHB,2020,Mar,SL,JP,S,rep7,Frozen,Chironomidae,330,,0.13,0.029,,0.223076923,0,0,500
Flinders-HCHB,2020,Mar,SL,JP,S,rep8,Frozen,Chironomidae,456,,0.105,0.0181,,0.172380952,0,0,500
Flinders-HCHB,2020,Mar,SL,SC,I,rep1,Frozen,Chironomidae,1,,0.001,0,,0,#DIV/0!,0,500
Flinders-HCHB,2020,Mar,SL,SC,I,rep2,Frozen,Chironomidae,1,,0.0008,0.0005,,0.625,0,0,500
Flinders-HCHB,2020,Mar,SL,SC,I,rep5,Frozen,Chironomidae,1,,0.001,0.0003,,0.3,0,0,500
Flinders-HCHB,2020,Mar,SL,SC,S,rep1,Frozen,Chironomidae,39,,0.0163,0.0033,,0.202453988,0,0,500
Flinders-HCHB,2020,Mar,SL,SC,S,rep2,Frozen,Chironomidae,118,,0.0131,0.0013,,0.099236641,0,0,500
Flinders-HCHB,2020,Mar,SL,SC,S,rep3,Frozen,Chironomidae,67,,0.0241,0.0046,,0.190871369,0,0,500
Flinders-HCHB,2020,Mar,SL,SC,S,rep4,Frozen,Chironomidae,124,,0.0612,0.0045,,0.073529412,0,0,500
Flinders-HCHB,2020,Mar,SL,SC,S,rep5,Frozen,Chironomidae,75,,0.0302,0.0017,,0.056291391,0,0,500
Flinders-HCHB,2020,Mar,SL,SC,S,rep6,Frozen,Chironomidae,88,,0.0023,0.0006,,0.260869565,0,0,500
Flinders-HCHB,2020,Mar,SL,SC,S,rep7,Frozen,Chironomidae,109,,0.0082,0.0015,,0.182926829,0,0,500
Flinders-HCHB,2020,Mar,SL,SC,S,rep8,Frozen,Chironomidae,188,,0.0479,0.0081,,0.169102296,0,0,500
Flinders-HCHB,2020,Mar,MM,B19,P,rep1,Frozen,Amphipoda,149,,0.0536,0.0065,,0.121268657,0,0,500
Flinders-HCHB,2020,Mar,MM,B19,P,rep2,Frozen,Amphipoda,133,,0.0704,0.0072,,0.102272727,0,0,500
Flinders-HCHB,2020,Mar,MM,B19,P,rep3,Frozen,Amphipoda,63,,0.0129,0.0018,,0.139534884,0,0,500
Flinders-HCHB,2020,Mar,MM,B19,P,rep4,Frozen,Amphipoda,47,,0.0156,0.002,,0.128205128,0,0,500
Flinders-HCHB,2020,Mar,MM,B19,P,rep5,Frozen,Amphipoda,146,,0.0416,0.0061,,0.146634615,0,0,500
Flinders-HCHB,2020,Mar,MM,B19,S,rep1,Frozen,Amphipoda,29,,0.0063,0.0008,,0.126984127,0,0,500
Flinders-HCHB,2020,Mar,MM,B19,S,rep4,Frozen,Amphipoda,31,,0.0155,0,,0,#DIV/0!,0,500
Flinders-HCHB,2020,Mar,MM,B19,S,rep5,Frozen,Amphipoda,80,,0.0175,0.002,,0.114285714,0,0,500
Flinders-HCHB,2020,Mar,MM,B19,I,rep1,Frozen,Amphipoda,66,,0.0187,0.0023,,0.122994652,0,0,500
Flinders-HCHB,2020,Mar,MM,B19,I,rep2,Frozen,Amphipoda,37,,0.0118,0.0017,,0.144067797,0,0,500
Flinders-HCHB,2020,Mar,MM,B19,I,rep3,Frozen,Amphipoda,6,,0.0026,0.0004,,0.153846154,0,0,500
Flinders-HCHB,2020,Mar,MM,B19,I,rep4,Frozen,Amphipoda,28,,0.0052,0.0007,,0.134615385,0,0,500
Flinders-HCHB,2020,Mar,MM,B19,I,rep5,Frozen,Amphipoda,33,,0.0074,1E-04,,0.013513514,0,0,500
Flinders-HCHB,2020,Mar,MM,PP,I,rep1,Frozen,Amphipoda,66,,0.0146,0.0015,,0.102739726,0,0,500
Flinders-HCHB,2020,Mar,MM,PP,I,rep2,Frozen,Amphipoda,73,,0.0224,0.0036,,0.160714286,0,0,500
Flinders-HCHB,2020,Mar,MM,PP,I,rep3,Frozen,Amphipoda,111,,0.0272,0.0035,,0.128676471,0,0,500
Flinders-HCHB,2020,Mar,MM,PP,I,rep4,Frozen,Amphipoda,72,,0.0086,0.0006,,0.069767442,0,0,500
Flinders-HCHB,2020,Mar,MM,PP,I,rep5,Frozen,Amphipoda,72,,0.0153,0.0019,,0.124183007,0,0,500
Flinders-HCHB,2020,Mar,MM,PP,S,rep1,Frozen,Amphipoda,542,,0.3487,0.0423,,0.121307714,0,0,500
Flinders-HCHB,2020,Mar,MM,PP,S,rep2,Frozen,Amphipoda,158,,0.0325,0.0045,,0.138461538,0,0,500
Flinders-HCHB,2020,Mar,MM,PP,S,rep3,Frozen,Amphipoda,74,,0.0174,0.0024,,0.137931034,0,0,500
Flinders-HCHB,2020,Mar,MM,PP,S,rep4,Frozen,Amphipoda,309,,0.0674,0.0082,,0.121661721,0,0,500
Flinders-HCHB,2020,Mar,MM,PP,S,rep5,Frozen,Amphipoda,5,,0.0014,0,,0,#DIV/0!,0,500
Flinders-HCHB,2020,Mar,MM,PP,P,rep1,Frozen,Amphipoda,63,,0.0188,0.0037,,0.196808511,0,0,500
Flinders-HCHB,2020,Mar,MM,PP,P,rep2,Frozen,Amphipoda,689,,0.1414,0.0226,,0.159830269,0,0,500
Flinders-HCHB,2020,Mar,MM,PP,P,rep3,Frozen,Amphipoda,14,,0.001,0,,0,#DIV/0!,0,500
Flinders-HCHB,2020,Mar,MM,PP,P,rep4,Frozen,Amphipoda,757,,0.1811,0.0282,,0.155715075,0,0,500
Flinders-HCHB,2020,Mar,MM,PP,P,rep5,Frozen,Amphipoda,77,,0.0154,0.0022,,0.142857143,0,0,500
Flinders-HCHB,2020,Mar,NL,LP,I,rep1,Frozen,Amphipoda,1099,,0.1878,0.0227,,0.120873269,0,0,500
Flinders-HCHB,2020,Mar,NL,LP,I,rep2,Frozen,Amphipoda,1047,,0.1767,0.0253,,0.143180532,0,0,500
Flinders-HCHB,2020,Mar,NL,LP,I,rep3,Frozen,Amphipoda,789,,0.1774,0.0204,,0.114994363,0,0,500
Flinders-HCHB,2020,Mar,NL,LP,I,rep4,Frozen,Amphipoda,874,,0.1484,0.0192,,0.129380054,0,0,500
Flinders-HCHB,2020,Mar,NL,LP,I,rep5,Frozen,Amphipoda,1247,,0.3906,0.0286,,0.073220686,0,0,500
Flinders-HCHB,2020,Mar,NL,LP,S,rep1,Frozen,Amphipoda,136,,0.0292,0.0045,,0.154109589,0,0,500
Flinders-HCHB,2020,Mar,NL,LP,S,rep2,Frozen,Amphipoda,376,,0.1792,0.0255,,0.142299107,0,0,500
Flinders-HCHB,2020,Mar,NL,LP,S,rep3,Frozen,Amphipoda,116,,0.0414,0.0061,,0.147342995,0,0,500
Flinders-HCHB,2020,Mar,NL,LP,S,rep4,Frozen,Amphipoda,301,,0.1121,0.0191,,0.170383586,0,0,500
Flinders-HCHB,2020,Mar,NL,LP,S,rep5,Frozen,Amphipoda,118,,0.0519,0.0086,,0.165703276,0,0,500
Flinders-HCHB,2020,Mar,NL,LP,P,rep1,Frozen,Amphipoda,116,,0.0435,0.0054,,0.124137931,0,0,500
Flinders-HCHB,2020,Mar,NL,LP,P,rep2,Frozen,Amphipoda,302,,0.0641,0.0088,,0.137285491,0,0,500
Flinders-HCHB,2020,Mar,NL,LP,P,rep3,Frozen,Amphipoda,298,,0.0362,0.005,,0.138121547,0,0,500
Flinders-HCHB,2020,Mar,NL,LP,P,rep4,Frozen,Amphipoda,269,,0.0129,0.0019,,0.147286822,0,0,500
Flinders-HCHB,2020,Mar,NL,LP,P,rep5,Frozen,Amphipoda,166,,0.0575,0.0074,,0.128695652,0,0,500
Flinders-HCHB,2020,Mar,NL,NM,I,rep2,Frozen,Amphipoda,1,,0.0101,0.0082,,0.811881188,0,0,500
Flinders-HCHB,2020,Mar,NL,NM,I,rep4,Frozen,Amphipoda,7,,0.0005,0,,0,#DIV/0!,0,500
Flinders-HCHB,2020,Mar,MM,B19,P,rep1,Frozen,Arthritica,453,,0.5865,0.3043,,0.51884058,0,0,500
Flinders-HCHB,2020,Mar,MM,B19,P,rep2,Frozen,Arthritica,784,,0.8724,0.4391,,0.503324163,0,0,500
Flinders-HCHB,2020,Mar,MM,B19,P,rep3,Frozen,Arthritica,968,,1.2001,0.5652,,0.470960753,0,0,500
Flinders-HCHB,2020,Mar,MM,B19,P,rep4,Frozen,Arthritica,1036,,1.2663,0.5637,,0.445155176,0,0,500
Flinders-HCHB,2020,Mar,MM,B19,P,rep5,Frozen,Arthritica,1071,,1.3622,0.5675,,0.416605491,0,0,500
Flinders-HCHB,2020,Mar,MM,B19,S,rep1,Frozen,Arthritica,1,,0.0008,0,,0,#DIV/0!,0,500
Flinders-HCHB,2020,Mar,MM,B19,S,rep2,Frozen,Arthritica,7,,0.0192,0.0089,,0.463541667,0,0,500
Flinders-HCHB,2020,Mar,MM,B19,S,rep3,Frozen,Arthritica,2,,0.0012,0,,0,#DIV/0!,0,500
Flinders-HCHB,2020,Mar,MM,B19,S,rep4,Frozen,Arthritica,2,,0.0035,0.0015,,0.428571429,0,0,500
Flinders-HCHB,2020,Mar,MM,B19,S,rep5,Frozen,Arthritica,3,,0.0052,0.0021,,0.403846154,0,0,500
Flinders-HCHB,2020,Mar,MM,B19,I,rep1,Frozen,Arthritica,166,,0.1415,0.0783,,0.55335689,0,0,500
Flinders-HCHB,2020,Mar,MM,B19,I,rep2,Frozen,Arthritica,243,,0.3303,0.1583,,0.479261278,0,0,500
Flinders-HCHB,2020,Mar,MM,B19,I,rep3,Frozen,Arthritica,319,,0.3914,0.1927,,0.492335207,0,0,500
Flinders-HCHB,2020,Mar,MM,B19,I,rep4,Frozen,Arthritica,320,,0.5189,0.2753,,0.530545384,0,0,500
Flinders-HCHB,2020,Mar,MM,B19,I,rep5,Frozen,Arthritica,277,,0.226,0.1169,,0.517256637,0,0,500
Flinders-HCHB,2020,Mar,MM,PP,I,rep1,Frozen,Arthritica,276,,0.5137,0.3197,,0.622347674,0,0,500
Flinders-HCHB,2020,Mar,MM,PP,I,rep2,Frozen,Arthritica,74,,0.209,0.1619,,0.774641148,0,0,500
Flinders-HCHB,2020,Mar,MM,PP,I,rep3,Frozen,Arthritica,216,,0.2412,0.1641,,0.680348259,0,0,500
Flinders-HCHB,2020,Mar,MM,PP,I,rep4,Frozen,Arthritica,242,,0.265,0.1559,,0.588301887,0,0,500
Flinders-HCHB,2020,Mar,MM,PP,I,rep5,Frozen,Arthritica,344,,0.5421,0.3115,,0.574617229,0,0,500
Flinders-HCHB,2020,Mar,MM,PP,S,rep1,Frozen,Arthritica,88,,0.1468,0.0773,,0.526566757,0,0,500
Flinders-HCHB,2020,Mar,MM,PP,S,rep2,Frozen,Arthritica,342,,0.2852,0.1318,,0.462131837,0,0,500
Flinders-HCHB,2020,Mar,MM,PP,S,rep3,Frozen,Arthritica,322,,0.3074,0.1432,,0.46584255,0,0,500
Flinders-HCHB,2020,Mar,MM,PP,S,rep4,Frozen,Arthritica,301,,0.2189,0.1036,,0.473275468,0,0,500
Flinders-HCHB,2020,Mar,MM,PP,S,rep5,Frozen,Arthritica,33,,0.0314,0.0143,,0.455414013,0,0,500
Flinders-HCHB,2020,Mar,MM,PP,P,rep1,Frozen,Arthritica,169,,0.1721,0.0947,,0.550261476,0,0,500
Flinders-HCHB,2020,Mar,MM,PP,P,rep2,Frozen,Arthritica,201,,0.2334,0.1485,,0.636246787,0,0,500
Flinders-HCHB,2020,Mar,MM,PP,P,rep3,Frozen,Arthritica,89,,0.0785,0.0427,,0.543949045,0,0,500
Flinders-HCHB,2020,Mar,MM,PP,P,rep4,Frozen,Arthritica,257,,0.2386,0.1475,,0.618189438,0,0,500
Flinders-HCHB,2020,Mar,MM,PP,P,rep5,Frozen,Arthritica,174,,0.1755,0.1013,,0.577207977,0,0,500
Flinders-HCHB,2020,Mar,NL,LP,I,rep1,Frozen,Arthritica,495,,0.2114,0.1117,,0.528382214,0,0,500
Flinders-HCHB,2020,Mar,NL,LP,I,rep2,Frozen,Arthritica,381,,0.5179,0.37,,0.714423634,0,0,500
Flinders-HCHB,2020,Mar,NL,LP,I,rep3,Frozen,Arthritica,445,,0.6561,0.4232,,0.645023624,0,0,500
Flinders-HCHB,2020,Mar,NL,LP,I,rep4,Frozen,Arthritica,522,,0.7126,0.4683,,0.657170923,0,0,500
Flinders-HCHB,2020,Mar,NL,LP,I,rep5,Frozen,Arthritica,356,,0.5305,0.3562,,0.671442036,0,0,500
Flinders-HCHB,2020,Mar,NL,LP,S,rep1,Frozen,Arthritica,6,,0.0079,0.0035,,0.443037975,0,0,500
Flinders-HCHB,2020,Mar,NL,LP,S,rep2,Frozen,Arthritica,5,,0.0092,0.0045,,0.489130435,0,0,500
Flinders-HCHB,2020,Mar,NL,LP,S,rep3,Frozen,Arthritica,2,,0.0028,0.0018,,0.642857143,0,0,500
Flinders-HCHB,2020,Mar,NL,LP,S,rep4,Frozen,Arthritica,7,,0.0139,0.0074,,0.532374101,0,0,500
Flinders-HCHB,2020,Mar,NL,LP,S,rep5,Frozen,Arthritica,2,,0.0041,0.0015,,0.365853659,0,0,500
Flinders-HCHB,2020,Mar,NL,LP,P,rep1,Frozen,Arthritica,450,,0.7515,0.4624,,0.615302728,0,0,500
Flinders-HCHB,2020,Mar,NL,LP,P,rep2,Frozen,Arthritica,435,,0.7644,0.4482,,0.586342229,0,0,500
Flinders-HCHB,2020,Mar,NL,LP,P,rep3,Frozen,Arthritica,224,,0.0934,0.0547,,0.585653105,0,0,500
Flinders-HCHB,2020,Mar,NL,LP,P,rep4,Frozen,Arthritica,306,,0.4675,0.333,,0.712299465,0,0,500
Flinders-HCHB,2020,Mar,NL,LP,P,rep5,Frozen,Arthritica,707,,1.1602,0.6323,,0.544992243,0,0,500
Flinders-HCHB,2020,Mar,NL,NM,I,rep4,Frozen,Arthritica,4,,0.014,0.0073,,0.521428571,0,0,500
Flinders-HCHB,2020,Mar,NL,NM,I,rep5,Frozen,Arthritica,2,,0.0027,0.0018,,0.666666667,0,0,500
Flinders-HCHB,2020,Mar,MM,B19,P,rep1,Frozen,Hydrobiidae,36,,0.0983,0.0557,,0.566632757,0,0,500
Flinders-HCHB,2020,Mar,MM,B19,P,rep2,Frozen,Hydrobiidae,54,,0.3561,0.2098,,0.589160348,0,0,500
Flinders-HCHB,2020,Mar,MM,B19,P,rep3,Frozen,Hydrobiidae,126,,0.6041,0.35,,0.579374276,0,0,500
Flinders-HCHB,2020,Mar,MM,B19,P,rep4,Frozen,Hydrobiidae,128,,0.5981,0.3481,,0.582009697,0,0,500
Flinders-HCHB,2020,Mar,MM,B19,P,rep5,Frozen,Hydrobiidae,130,,0.5434,0.3104,,0.571218255,0,0,500
Flinders-HCHB,2020,Mar,MM,B19,S,rep1,Frozen,Hydrobiidae,5,,0.0188,0.0105,,0.558510638,0,0,500
Flinders-HCHB,2020,Mar,MM,B19,S,rep2,Frozen,Hydrobiidae,4,,0.023,0.0142,,0.617391304,0,0,500
Flinders-HCHB,2020,Mar,MM,B19,S,rep3,Frozen,Hydrobiidae,34,,0.1181,0.0692,,0.585944115,0,0,500
Flinders-HCHB,2020,Mar,MM,B19,S,rep4,Frozen,Hydrobiidae,81,,0.3054,0.1774,,0.580877538,0,0,500
Flinders-HCHB,2020,Mar,MM,B19,S,rep5,Frozen,Hydrobiidae,84,,0.3789,0.2128,,0.561625759,0,0,500
Flinders-HCHB,2020,Mar,MM,B19,I,rep1,Frozen,Hydrobiidae,8,,0.0215,0.0127,,0.590697674,0,0,500
Flinders-HCHB,2020,Mar,MM,B19,I,rep2,Frozen,Hydrobiidae,5,,0.0141,0.0071,,0.503546099,0,0,500
Flinders-HCHB,2020,Mar,MM,B19,I,rep3,Frozen,Hydrobiidae,3,,0.0055,0.0032,,0.581818182,0,0,500
Flinders-HCHB,2020,Mar,MM,B19,I,rep4,Frozen,Hydrobiidae,10,,0.0273,0.0174,,0.637362637,0,0,500
Flinders-HCHB,2020,Mar,MM,B19,I,rep5,Frozen,Hydrobiidae,2,,0.0007,0,,0,#DIV/0!,0,500
Flinders-HCHB,2020,Mar,MM,PP,I,rep1,Frozen,Hydrobiidae,87,,0.0632,0.0312,,0.493670886,0,0,500
Flinders-HCHB,2020,Mar,MM,PP,I,rep2,Frozen,Hydrobiidae,18,,0.0154,0.0074,,0.480519481,0,0,500
Flinders-HCHB,2020,Mar,MM,PP,I,rep3,Frozen,Hydrobiidae,54,,0.0327,0.0156,,0.47706422,0,0,500
Flinders-HCHB,2020,Mar,MM,PP,I,rep4,Frozen,Hydrobiidae,49,,0.0422,0.018,,0.426540284,0,0,500
Flinders-HCHB,2020,Mar,MM,PP,I,rep5,Frozen,Hydrobiidae,121,,0.0824,0.0386,,0.468446602,0,0,500
Flinders-HCHB,2020,Mar,MM,PP,S,rep1,Frozen,Hydrobiidae,9,,0.0297,0.0174,,0.585858586,0,0,500
Flinders-HCHB,2020,Mar,MM,PP,S,rep2,Frozen,Hydrobiidae,54,,0.4207,0.2781,,0.661041122,0,0,500
Flinders-HCHB,2020,Mar,MM,PP,S,rep3,Frozen,Hydrobiidae,52,,0.1383,0.0778,,0.562545192,0,0,500
Flinders-HCHB,2020,Mar,MM,PP,S,rep4,Frozen,Hydrobiidae,75,,0.1477,0.0782,,0.529451591,0,0,500
Flinders-HCHB,2020,Mar,MM,PP,S,rep5,Frozen,Hydrobiidae,1,,0.0018,0,,0,#DIV/0!,0,500
Flinders-HCHB,2020,Mar,MM,PP,P,rep1,Frozen,Hydrobiidae,28,,0.0205,0.0092,,0.448780488,0,0,500
Flinders-HCHB,2020,Mar,MM,PP,P,rep2,Frozen,Hydrobiidae,5,,0.0026,0.001,,0.384615385,0,0,500
Flinders-HCHB,2020,Mar,MM,PP,P,rep4,Frozen,Hydrobiidae,17,,0.0218,,,0,#DIV/0!,0,500
Flinders-HCHB,2020,Mar,MM,PP,P,rep5,Frozen,Hydrobiidae,57,,0.0433,0.0197,,0.454965358,0,0,500
Flinders-HCHB,2020,Mar,NL,LP,P,rep3,Frozen,Hydrobiidae,1,,0.0002,0,,0,#DIV/0!,0,500
Flinders-HCHB,2020,Mar,NL,LP,P,rep4,Frozen,Hydrobiidae,1,,0.0044,0.0014,,0.318181818,0,0,500
Flinders-HCHB,2020,Mar,MM,B19,P,rep1,Frozen,Salinator,1,,0,0,,#DIV/0!,#DIV/0!,#DIV/0!,500
Flinders-HCHB,2020,Mar,MM,B19,P,rep3,Frozen,Salinator,4,,0.0257,0.0068,,0.26459144,0,0,500
Flinders-HCHB,2020,Mar,MM,B19,P,rep4,Frozen,Salinator,4,,0.1159,0.033,,0.284728214,0,0,500
Flinders-HCHB,2020,Mar,MM,B19,P,rep5,Frozen,Salinator,7,,0.2942,0.0719,,0.24439157,0,0,500
Flinders-HCHB,2020,Mar,MM,B19,S,rep3,Frozen,Salinator,2,,0.0002,0,,0,#DIV/0!,0,500
Flinders-HCHB,2020,Mar,MM,B19,I,rep1,Frozen,Salinator,1,,0.0009,0,,0,#DIV/0!,0,500
Flinders-HCHB,2020,Mar,MM,B19,I,rep2,Frozen,Salinator,1,,0.0052,0.0007,,0.134615385,0,0,500
Flinders-HCHB,2020,Mar,MM,B19,I,rep3,Frozen,Salinator,1,,0.003,0.0007,,0.233333333,0,0,500
Flinders-HCHB,2020,Mar,MM,PP,I,rep1,Frozen,Salinator,1,,0.0004,0,,0,#DIV/0!,0,500
Flinders-HCHB,2020,Mar,MM,PP,I,rep2,Frozen,Salinator,1,,0.0013,0,,0,#DIV/0!,0,500
Flinders-HCHB,2020,Mar,MM,PP,I,rep3,Frozen,Salinator,3,,0.0008,0.0002,,0.25,0,0,500
Flinders-HCHB,2020,Mar,MM,PP,I,rep4,Frozen,Salinator,1,,0,0,,#DIV/0!,#DIV/0!,#DIV/0!,500
Flinders-HCHB,2020,Mar,MM,PP,I,rep5,Frozen,Salinator,5,,0.001,1E-04,,0.1,0,0,500
Flinders-HCHB,2020,Mar,MM,PP,S,rep3,Frozen,Salinator,1,,0.0012,0.0005,,0.416666667,0,0,500
Flinders-HCHB,2020,Mar,MM,PP,P,rep1,Frozen,Salinator,1,,0.0011,0,,0,#DIV/0!,0,500
Flinders-HCHB,2020,Mar,MM,PP,P,rep4,Frozen,Salinator,1,,0.0002,0,,0,#DIV/0!,0,500
Flinders-HCHB,2020,Mar,NL,NM,I,rep4,Frozen,Salinator,2,,0.0451,0.0197,,0.436807095,0,0,500
Flinders-HCHB,2020,Mar,MM,B19,I,rep5,Frozen,Halicarcinus ovatus,1,,0.0038,0.0005,,0.131578947,0,0,500
Flinders-HCHB,2020,Mar,MM,B19,P,rep1,Frozen,Soletellina,1,0.2036,0.1226,0.0118,,0.096247961,0,0,500
Flinders-HCHB,2020,Mar,MM,B19,P,rep2,Frozen,Soletellina,5,2.8865,1.6241,0.238,,0.146542701,0,0,500
Flinders-HCHB,2020,Mar,MM,B19,P,rep3,Frozen,Soletellina,2,1.741,1.0929,0.1051,,0.096166163,0,0,500
Flinders-HCHB,2020,Mar,MM,B19,P,rep4,Frozen,Soletellina,2,0.5431,0.3294,0.0359,,0.108986035,0,0,500
Flinders-HCHB,2020,Mar,MM,B19,I,rep4,Frozen,Soletellina,1,0.2485,0.1595,0.0186,,0.11661442,0,0,500
Flinders-HCHB,2020,Mar,MM,PP,P,rep1,Frozen,Soletellina,4,3.4604,2.2,0.332,,0.150909091,0,0,500
Flinders-HCHB,2020,Mar,MM,PP,P,rep2,Frozen,Soletellina,2,2.8173,2.0391,0.3561,,0.174635869,0,0,500
Flinders-HCHB,2020,Mar,MM,PP,P,rep3,Frozen,Soletellina,4,0.3818,0.1805,0.0276,,0.152908587,0,0,500
Flinders-HCHB,2020,Mar,MM,PP,P,rep4,Frozen,Soletellina,1,1.5053,1.0084,0.1272,,0.12614042,0,0,500
Flinders-HCHB,2020,Mar,MM,PP,P,rep5,Frozen,Soletellina,5,2.718,1.6575,0.4554,,0.274751131,0,0,500
Flinders-HCHB,2020,Mar,NL,LP,S,rep1,Frozen,Soletellina,1,4.0476,1.6231,0.2605,,0.160495348,0,0,500
Flinders-HCHB,2020,Mar,NL,LP,P,rep1,Frozen,Soletellina,1,2.4988,1.5227,0.2029,,0.133250148,0,0,500
Flinders-HCHB,2020,Mar,NL,LP,P,rep2,Frozen,Soletellina,1,3.4528,2.1026,0.2915,,0.138637877,0,0,500
Flinders-HCHB,2020,Mar,NL,LP,P,rep4,Frozen,Soletellina,1,2.0105,1.2017,0.2097,,0.174502788,0,0,500
Flinders-HCHB,2020,Mar,MM,PP,S,rep2,Frozen,Spisula,1,1.6108,0.8555,0.1081,,0.126358854,0,0,500
Flinders-HCHB,2020,Mar,NL,LP,P,rep5,Frozen,Spisula,1,2.6708,0.5502,0.1258,,0.228644129,0,0,500
Flinders-HCHB,2020,Mar,MM,B19,P,rep1,Frozen,Phyllodoce,6,,0.1557,0.0074,,0.047527296,0,0,500
Flinders-HCHB,2020,Mar,MM,B19,P,rep2,Frozen,Phyllodoce,17,,0.2137,0.0081,,0.037903603,0,0,500
Flinders-HCHB,2020,Mar,MM,B19,P,rep3,Frozen,Phyllodoce,35,,0.802,0.0448,,0.055860349,0,0,500
Flinders-HCHB,2020,Mar,MM,B19,P,rep4,Frozen,Phyllodoce,37,,1.0145,0.109,,0.10744209,0,0,500
Flinders-HCHB,2020,Mar,MM,B19,P,rep5,Frozen,Phyllodoce,5,,0.0757,0.0036,,0.047556143,0,0,500
Flinders-HCHB,2020,Mar,MM,PP,I,rep3,Frozen,Phyllodoce,2,,0.012,0.0008,,0.066666667,0,0,500
Flinders-HCHB,2020,Mar,MM,PP,S,rep1,Frozen,Phyllodoce,3,,0.0373,0.0011,,0.029490617,0,0,500
Flinders-HCHB,2020,Mar,MM,PP,S,rep2,Frozen,Phyllodoce,11,,0.1703,0.0053,,0.03112155,0,0,500
Flinders-HCHB,2020,Mar,MM,PP,S,rep3,Frozen,Phyllodoce,1,,0.0072,1E-04,,0.013888889,0,0,500
Flinders-HCHB,2020,Mar,MM,PP,P,rep5,Frozen,Phyllodoce,2,,0.111,0.0056,,0.05045045,0,0,500
Flinders-HCHB,2020,Mar,NL,LP,P,rep2,Frozen,Phyllodoce,1,,0.1047,0.0007,,0.006685769,0,0,500
Flinders-HCHB,2020,Mar,MM,B19,P,rep3,Frozen,Nephtys,1,,0.2457,0.0157,,0.063899064,0,0,500
Flinders-HCHB,2020,Mar,MM,B19,S,rep2,Frozen,Nephtys,1,,0.0173,0.0011,,0.063583815,0,0,500
Flinders-HCHB,2020,Mar,MM,PP,S,rep2,Frozen,Nephtys,1,,0.1303,0.0077,,0.059094398,0,0,500
Flinders-HCHB,2020,Mar,MM,PP,P,rep1,Frozen,Nephtys,4,,0.3828,0.0316,,0.082549634,0,0,500
Flinders-HCHB,2020,Mar,MM,PP,P,rep2,Frozen,Nephtys,1,,0.282,0.0148,,0.05248227,0,0,500
Flinders-HCHB,2020,Mar,MM,PP,P,rep3,Frozen,Nephtys,1,,0.1374,0.0088,,0.064046579,0,0,500
Flinders-HCHB,2020,Mar,MM,PP,P,rep5,Frozen,Nephtys,4,,0.3615,0.0285,,0.078838174,0,0,500
Flinders-HCHB,2020,Mar,NL,LP,P,rep1,Frozen,Nephtys,1,,0.5936,0.0638,,0.107479784,0,0,500
Flinders-HCHB,2020,Mar,MM,B19,I,rep1,Frozen,Boccardiella,1,,0.0001,0,,0,#DIV/0!,0,500
Flinders-HCHB,2020,Mar,MM,B19,I,rep3,Frozen,Boccardiella,1,,0.0009,0,,0,#DIV/0!,0,500
Flinders-HCHB,2020,Mar,NL,LP,I,rep5,Frozen,Boccardiella,1,,0.0023,0.0002,,0.086956522,0,0,500
Flinders-HCHB,2020,Mar,SL,HG,I,rep1,Frozen,Ceratopogonidae,7,,0.0045,0.0015,,0.333333333,0,0,500
Flinders-HCHB,2020,Mar,SL,HG,I,rep3,Frozen,Ceratopogonidae,6,,0.0034,0.0012,,0.352941176,0,0,500
Flinders-HCHB,2020,Mar,SL,HG,I,rep5,Frozen,Ceratopogonidae,1,,0.0005,0,,0,#DIV/0!,0,500
Flinders-HCHB,2020,Mar,SL,JP,S,rep1,Frozen,Ceratopogonidae,9,,0.0058,0.0026,,0.448275862,0,0,500
Flinders-HCHB,2020,Mar,SL,JP,S,rep2,Frozen,Ceratopogonidae,1,,0.0037,0.0006,,0.162162162,0,0,500
Flinders-HCHB,2020,Mar,SL,JP,S,rep3,Frozen,Ceratopogonidae,3,,0.0015,0.0003,,0.2,0,0,500
Flinders-HCHB,2020,Mar,SL,JP,S,rep5,Frozen,Ceratopogonidae,5,,0.001,0.0006,,0.6,0,0,500
Flinders-HCHB,2020,Mar,SL,JP,S,rep6,Frozen,Ceratopogonidae,3,,0.001,0.0009,,0.9,0,0,500
Flinders-HCHB,2020,Mar,SL,JP,S,rep7,Frozen,Ceratopogonidae,2,,0.001,0.0006,,0.6,0,0,500
Flinders-HCHB,2020,Mar,SL,JP,S,rep8,Frozen,Ceratopogonidae,2,,0.0003,1E-04,,0.333333333,0,0,500
Flinders-HCHB,2020,Mar,SL,SC,S,rep7,Frozen,Ceratopogonidae,1,,1E-04,0,,0,#DIV/0!,0,500
Flinders-HCHB,2020,Mar,NL,NM,I,rep1,Frozen,Dolichopodidae,1,,0.0014,0.0002,,0.142857143,0,0,500
Flinders-HCHB,2020,Mar,NL,NM,I,rep2,Frozen,Dolichopodidae,2,,0.011,0.0009,,0.081818182,0,0,500
Flinders-HCHB,2020,Mar,NL,NM,I,rep3,Frozen,Dolichopodidae,2,,0.0029,0.0012,,0.413793103,0,0,500
Flinders-HCHB,2020,Mar,SL,JP,S,rep1,Frozen,Haloniscus searlei,1,,0.0051,0.0004,,0.078431373,0,0,500
Flinders-HCHB,2020,Mar,MM,B19,S,rep5,Frozen,Rhynchobdellida,2,,0.0175,0.0002,,0.011428571,0,0,500
Flinders-HCHB,2020,Mar,MM,B19,P,rep1,Frozen,Oligochaeta,13,,0,0,,#DIV/0!,#DIV/0!,#DIV/0!,500
Flinders-HCHB,2020,Mar,MM,B19,P,rep3,Frozen,Oligochaeta,1,,,,,#DIV/0!,#DIV/0!,#DIV/0!,500
Flinders-HCHB,2020,Mar,MM,B19,P,rep4,Frozen,Oligochaeta,3,,,,,#DIV/0!,#DIV/0!,#DIV/0!,500
Flinders-HCHB,2020,Jun,MM,B19,P,rep1,Frozen,Simplisetia,80,,0.0315,0.0016,,0.050793651,0,0,500
Flinders-HCHB,2020,Jun,MM,B19,P,rep2,Frozen,Simplisetia,141,,0.1263,0.0101,,0.079968329,0,0,500
Flinders-HCHB,2020,Jun,MM,B19,P,rep3,Frozen,Simplisetia,51,,0.0287,0.0024,,0.083623693,0,0,500
Flinders-HCHB,2020,Jun,MM,B19,P,rep4,Frozen,Simplisetia,135,,0.0746,0.009,,0.120643432,0,0,500
Flinders-HCHB,2020,Jun,MM,B19,P,rep5,Frozen,Simplisetia,44,,0.0167,0.0015,,0.089820359,0,0,500
Flinders-HCHB,2020,Jun,MM,B19,S,rep1,Frozen,Simplisetia,5,,0.0048,0,,0,#DIV/0!,0,500
Flinders-HCHB,2020,Jun,MM,B19,S,rep2,Frozen,Simplisetia,1,,,,,#DIV/0!,#DIV/0!,#DIV/0!,500
Flinders-HCHB,2020,Jun,MM,B19,S,rep3,Frozen,Simplisetia,7,,0.04,0.0027,,0.0675,0,0,500
Flinders-HCHB,2020,Jun,MM,B19,S,rep4,Frozen,Simplisetia,11,,0.0097,0.0002,,0.020618557,0,0,500
Flinders-HCHB,2020,Jun,MM,B19,S,rep5,Frozen,Simplisetia,36,,0.0577,0.0031,,0.05372617,0,0,500
Flinders-HCHB,2020,Jun,MM,B19,I,rep1,Frozen,Simplisetia,113,,0.9822,0.102,,0.103848503,0,0,500
Flinders-HCHB,2020,Jun,MM,B19,I,rep2,Frozen,Simplisetia,149,,0.7722,0.0734,,0.095053095,0,0,500
Flinders-HCHB,2020,Jun,MM,B19,I,rep3,Frozen,Simplisetia,131,,0.5848,0.0381,,0.065150479,0,0,500
Flinders-HCHB,2020,Jun,MM,B19,I,rep4,Frozen,Simplisetia,205,,0.9883,0.1048,,0.106040676,0,0,500
Flinders-HCHB,2020,Jun,MM,B19,I,rep5,Frozen,Simplisetia,274,,0.9861,0.1063,,0.107798398,0,0,500
Flinders-HCHB,2020,Jun,MM,PP,I,rep1,Frozen,Simplisetia,33,,0.3491,0.0266,,0.076195932,0,0,500
Flinders-HCHB,2020,Jun,MM,PP,I,rep2,Frozen,Simplisetia,51,,0.2707,0.0169,,0.062430735,0,0,500
Flinders-HCHB,2020,Jun,MM,PP,I,rep3,Frozen,Simplisetia,57,,0.3754,0.0264,,0.070324987,0,0,500
Flinders-HCHB,2020,Jun,MM,PP,I,rep4,Frozen,Simplisetia,56,,0.3399,0.0244,,0.071785819,0,0,500
Flinders-HCHB,2020,Jun,MM,PP,I,rep5,Frozen,Simplisetia,62,,0.575,0.0556,,0.096695652,0,0,500
Flinders-HCHB,2020,Jun,MM,PP,S,rep1,Frozen,Simplisetia,3,,0.0001,0,,0,#DIV/0!,0,500
Flinders-HCHB,2020,Jun,MM,PP,S,rep2,Frozen,Simplisetia,1,,1E-04,0,,0,#DIV/0!,0,500
Flinders-HCHB,2020,Jun,MM,PP,S,rep3,Frozen,Simplisetia,1,,0.0008,0,,0,#DIV/0!,0,500
Flinders-HCHB,2020,Jun,MM,PP,S,rep4,Frozen,Simplisetia,3,,0,0,,#DIV/0!,#DIV/0!,#DIV/0!,500
Flinders-HCHB,2020,Jun,MM,PP,S,rep5,Frozen,Simplisetia,3,,0.0023,0.0002,,0.086956522,0,0,500
Flinders-HCHB,2020,Jun,MM,PP,P,rep1,Frozen,Simplisetia,10,,0.0148,0.0007,,0.047297297,0,0,500
Flinders-HCHB,2020,Jun,MM,PP,P,rep2,Frozen,Simplisetia,22,,0.0296,0.0047,,0.158783784,0,0,500
Flinders-HCHB,2020,Jun,MM,PP,P,rep3,Frozen,Simplisetia,17,,0.0142,0.0008,,0.056338028,0,0,500
Flinders-HCHB,2020,Jun,MM,PP,P,rep4,Frozen,Simplisetia,11,,0.01,0.0011,,0.11,0,0,500
Flinders-HCHB,2020,Jun,MM,PP,P,rep5,Frozen,Simplisetia,2,,0.001,0.0004,,0.4,0,0,500
Flinders-HCHB,2020,Jun,NL,LP,I,rep1,Frozen,Simplisetia,83,,1.186,0.0981,,0.082715008,0,0,500
Flinders-HCHB,2020,Jun,NL,LP,I,rep2,Frozen,Simplisetia,66,,0.4249,0.0342,,0.080489527,0,0,500
Flinders-HCHB,2020,Jun,NL,LP,I,rep3,Frozen,Simplisetia,64,,0.6141,0.0577,,0.093958639,0,0,500
Flinders-HCHB,2020,Jun,NL,LP,I,rep4,Frozen,Simplisetia,42,,0.0664,0.004,,0.060240964,0,0,500
Flinders-HCHB,2020,Jun,NL,LP,I,rep5,Frozen,Simplisetia,66,,0.08,0.0049,,0.06125,0,0,500
Flinders-HCHB,2020,Jun,NL,LP,S,rep1,Frozen,Simplisetia,19,,0.209,0.0132,,0.063157895,0,0,500
Flinders-HCHB,2020,Jun,NL,LP,S,rep2,Frozen,Simplisetia,23,,0.1278,0.0109,,0.085289515,0,0,500
Flinders-HCHB,2020,Jun,NL,LP,S,rep3,Frozen,Simplisetia,11,,0.1543,0.0107,,0.069345431,0,0,500
Flinders-HCHB,2020,Jun,NL,LP,S,rep4,Frozen,Simplisetia,21,,0.2604,0.0135,,0.051843318,0,0,500
Flinders-HCHB,2020,Jun,NL,LP,S,rep5,Frozen,Simplisetia,42,,0.377,0.0187,,0.049602122,0,0,500
Flinders-HCHB,2020,Jun,NL,LP,P,rep1,Frozen,Simplisetia,89,,0.6088,0.064,,0.105124836,0,0,500
Flinders-HCHB,2020,Jun,NL,LP,P,rep2,Frozen,Simplisetia,146,,0.7083,0.0597,,0.084286319,0,0,500
Flinders-HCHB,2020,Jun,NL,LP,P,rep3,Frozen,Simplisetia,73,,0.3555,0.053,,0.149085795,0,0,500
Flinders-HCHB,2020,Jun,NL,LP,P,rep4,Frozen,Simplisetia,87,,0.3959,0.0514,,0.129830765,0,0,500
Flinders-HCHB,2020,Jun,NL,LP,P,rep5,Frozen,Simplisetia,90,,0.3171,0.0512,,0.161463261,0,0,500
Flinders-HCHB,2020,Jun,NL,NM,I,rep1,Frozen,Simplisetia,1,,0.0006,1E-04,,0.166666667,0,0,500
Flinders-HCHB,2020,Jun,NL,NM,I,rep3,Frozen,Simplisetia,1,,0.0052,0.0048,,0.923076923,0,0,500
Flinders-HCHB,2020,Jun,MM,B19,P,rep1,Frozen,Capitella,501,,0.0315,0.0034,,0.107936508,0,0,500
Flinders-HCHB,2020,Jun,MM,B19,P,rep2,Frozen,Capitella,9,,0.0039,0.0002,,0.051282051,0,0,500
Flinders-HCHB,2020,Jun,MM,B19,P,rep3,Frozen,Capitella,3,,0.0006,0.0002,,0.333333333,0,0,500
Flinders-HCHB,2020,Jun,MM,B19,P,rep4,Frozen,Capitella,8,,0,0,,#DIV/0!,#DIV/0!,#DIV/0!,500
Flinders-HCHB,2020,Jun,MM,B19,S,rep1,Frozen,Capitella,2,,0.0015,0,,0,#DIV/0!,0,500
Flinders-HCHB,2020,Jun,MM,B19,S,rep2,Frozen,Capitella,1,,0.0028,0,,0,#DIV/0!,0,500
Flinders-HCHB,2020,Jun,MM,B19,S,rep3,Frozen,Capitella,11,,0.0052,0.0005,,0.096153846,0,0,500
Flinders-HCHB,2020,Jun,MM,B19,S,rep4,Frozen,Capitella,24,,0.0085,0.0004,,0.047058824,0,0,500
Flinders-HCHB,2020,Jun,MM,B19,S,rep5,Frozen,Capitella,3,,0.0064,0.0001,,0.015625,0,0,500
Flinders-HCHB,2020,Jun,MM,B19,I,rep1,Frozen,Capitella,1,,0,0,,#DIV/0!,#DIV/0!,#DIV/0!,500
Flinders-HCHB,2020,Jun,MM,B19,I,rep3,Frozen,Capitella,25,,0.0258,0.0023,,0.089147287,0,0,500
Flinders-HCHB,2020,Jun,MM,B19,I,rep4,Frozen,Capitella,14,,0.0156,0.0005,,0.032051282,0,0,500
Flinders-HCHB,2020,Jun,MM,B19,I,rep5,Frozen,Capitella,5,,0.0041,0.0007,,0.170731707,0,0,500
Flinders-HCHB,2020,Jun,MM,PP,I,rep1,Frozen,Capitella,66,,0.0443,0.0018,,0.040632054,0,0,500
Flinders-HCHB,2020,Jun,MM,PP,I,rep2,Frozen,Capitella,145,,0.2627,0.0098,,0.037304911,0,0,500
Flinders-HCHB,2020,Jun,MM,PP,I,rep3,Frozen,Capitella,252,,0.3015,0.0175,,0.058043118,0,0,500
Flinders-HCHB,2020,Jun,MM,PP,I,rep4,Frozen,Capitella,450,,0.796,0.0252,,0.031658291,0,0,500
Flinders-HCHB,2020,Jun,MM,PP,I,rep5,Frozen,Capitella,160,,0.1851,0.0138,,0.074554295,0,0,500
Flinders-HCHB,2020,Jun,MM,PP,S,rep1,Frozen,Capitella,1,,1E-04,0.0005,,5,0,0,500
Flinders-HCHB,2020,Jun,MM,PP,S,rep2,Frozen,Capitella,2,,0.0002,0,,0,#DIV/0!,0,500
Flinders-HCHB,2020,Jun,MM,PP,P,rep1,Frozen,Capitella,91,,0.0346,0.0022,,0.063583815,0,0,500
Flinders-HCHB,2020,Jun,MM,PP,P,rep2,Frozen,Capitella,260,,0.3185,0.0213,,0.066875981,0,0,500
Flinders-HCHB,2020,Jun,MM,PP,P,rep3,Frozen,Capitella,386,,0.1708,0.0105,,0.06147541,0,0,500
Flinders-HCHB,2020,Jun,MM,PP,P,rep4,Frozen,Capitella,209,,0.1485,0.0075,,0.050505051,0,0,500
Flinders-HCHB,2020,Jun,MM,PP,P,rep5,Frozen,Capitella,188,,0.1093,0.0102,,0.093321134,0,0,500
Flinders-HCHB,2020,Jun,NL,LP,I,rep1,Frozen,Capitella,523,,0.5869,0.0261,,0.044470949,0,0,500
Flinders-HCHB,2020,Jun,NL,LP,I,rep2,Frozen,Capitella,582,,0.275,0.0322,,0.117090909,0,0,500
Flinders-HCHB,2020,Jun,NL,LP,I,rep3,Frozen,Capitella,863,,0.7694,0.0346,,0.044970107,0,0,500
Flinders-HCHB,2020,Jun,NL,LP,I,rep4,Frozen,Capitella,325,,0.151,0.0113,,0.074834437,0,0,500
Flinders-HCHB,2020,Jun,NL,LP,I,rep5,Frozen,Capitella,135,,0.1006,0.0048,,0.047713718,0,0,500
Flinders-HCHB,2020,Jun,NL,LP,S,rep1,Frozen,Capitella,85,,0.0175,0.0006,,0.034285714,0,0,500
Flinders-HCHB,2020,Jun,NL,LP,S,rep2,Frozen,Capitella,81,,0.0186,0.0019,,0.102150538,0,0,500
Flinders-HCHB,2020,Jun,NL,LP,S,rep3,Frozen,Capitella,58,,0.0196,0.0012,,0.06122449,0,0,500
Flinders-HCHB,2020,Jun,NL,LP,S,rep4,Frozen,Capitella,49,,0.0137,0.0008,,0.058394161,0,0,500
Flinders-HCHB,2020,Jun,NL,LP,S,rep5,Frozen,Capitella,102,,0.0125,0.001,,0.08,0,0,500
Flinders-HCHB,2020,Jun,NL,LP,P,rep1,Frozen,Capitella,103,,0.0158,0.0001,,0.006329114,0,0,500
Flinders-HCHB,2020,Jun,NL,LP,P,rep2,Frozen,Capitella,284,,0.1635,0.0083,,0.050764526,0,0,500
Flinders-HCHB,2020,Jun,NL,LP,P,rep3,Frozen,Capitella,125,,0.1001,0.0058,,0.057942058,0,0,500
Flinders-HCHB,2020,Jun,NL,LP,P,rep4,Frozen,Capitella,227,,0.1193,0.0154,,0.129086337,0,0,500
Flinders-HCHB,2020,Jun,NL,LP,P,rep5,Frozen,Capitella,224,,0.1418,0.0157,,0.110719323,0,0,500
Flinders-HCHB,2020,Jun,NL,NM,I,rep1,Frozen,Capitella,44,,0.0357,0.0017,,0.047619048,0,0,500
Flinders-HCHB,2020,Jun,NL,NM,I,rep2,Frozen,Capitella,5,,0.0052,0.0002,,0.038461538,0,0,500
Flinders-HCHB,2020,Jun,NL,NM,I,rep3,Frozen,Capitella,98,,0.0858,0.0096,,0.111888112,0,0,500
Flinders-HCHB,2020,Jun,NL,NM,I,rep4,Frozen,Capitella,3,,0.002,0.0002,,0.1,0,0,500
Flinders-HCHB,2020,Jun,NL,NM,I,rep5,Frozen,Capitella,13,,0.0139,0.0002,,0.014388489,0,0,500
Flinders-HCHB,2020,Jun,NL,NM,S,rep1,Frozen,Capitella,69,,0.1636,0.0054,,0.033007335,0,0,500
Flinders-HCHB,2020,Jun,NL,NM,S,rep2,Frozen,Capitella,36,,0.0665,0.0024,,0.036090226,0,0,500
Flinders-HCHB,2020,Jun,NL,NM,S,rep3,Frozen,Capitella,19,,0.0252,0.0008,,0.031746032,0,0,500
Flinders-HCHB,2020,Jun,NL,NM,S,rep4,Frozen,Capitella,89,,0.0329,0.0022,,0.066869301,0,0,500
Flinders-HCHB,2020,Jun,NL,NM,S,rep5,Frozen,Capitella,97,,0.2088,0.0067,,0.032088123,0,0,500
Flinders-HCHB,2020,Jun,NL,NM,P,rep1,Frozen,Capitella,4,,0.0028,0.0002,,0.071428571,0,0,500
Flinders-HCHB,2020,Jun,NL,NM,P,rep3,Frozen,Capitella,1,,0.0026,0,,0,#DIV/0!,0,500
Flinders-HCHB,2020,Jun,NL,NM,P,rep4,Frozen,Capitella,1,,0.0027,0,,0,#DIV/0!,0,500
Flinders-HCHB,2020,Jun,NL,NM,P,rep5,Frozen,Capitella,3,,0.011,0,,0,#DIV/0!,0,500
Flinders-HCHB,2020,Jun,SL,JP,I,rep1,Frozen,Capitella,1,,0.0006,0,,0,#DIV/0!,0,500
Flinders-HCHB,2020,Jun,MM,B19,P,rep1,Frozen,Chironomidae,4,,0.0004,0,,0,#DIV/0!,0,500
Flinders-HCHB,2020,Jun,MM,B19,P,rep2,Frozen,Chironomidae,1,,0.001,0.0004,,0.4,0,0,500
Flinders-HCHB,2020,Jun,MM,B19,P,rep3,Frozen,Chironomidae,1,,0.0002,1E-04,,0.5,0,0,500
Flinders-HCHB,2020,Jun,MM,B19,P,rep4,Frozen,Chironomidae,2,,0,0,,#DIV/0!,#DIV/0!,#DIV/0!,500
Flinders-HCHB,2020,Jun,MM,B19,P,rep5,Frozen,Chironomidae,1,,0,0,,#DIV/0!,#DIV/0!,#DIV/0!,500
Flinders-HCHB,2020,Jun,MM,B19,I,rep1,Frozen,Chironomidae,1,,0,0,,#DIV/0!,#DIV/0!,#DIV/0!,500
Flinders-HCHB,2020,Jun,MM,B19,I,rep2,Frozen,Chironomidae,1,,0.0006,0,,0,#DIV/0!,0,500
Flinders-HCHB,2020,Jun,MM,B19,I,rep3,Frozen,Chironomidae,3,,0.0004,1E-04,,0.25,0,0,500
Flinders-HCHB,2020,Jun,MM,B19,I,rep4,Frozen,Chironomidae,1,,0,0,,#DIV/0!,#DIV/0!,#DIV/0!,500
Flinders-HCHB,2020,Jun,MM,B19,I,rep5,Frozen,Chironomidae,3,,0.0033,0.0024,,0.727272727,0,0,500
Flinders-HCHB,2020,Jun,MM,PP,I,rep1,Frozen,Chironomidae,10,,0.0041,0.0009,,0.219512195,0,0,500
Flinders-HCHB,2020,Jun,MM,PP,I,rep2,Frozen,Chironomidae,10,,0.0041,0.0008,,0.195121951,0,0,500
Flinders-HCHB,2020,Jun,MM,PP,I,rep3,Frozen,Chironomidae,18,,0.0035,1E-04,,0.028571429,0,0,500
Flinders-HCHB,2020,Jun,MM,PP,I,rep4,Frozen,Chironomidae,6,,0.0014,0,,0,#DIV/0!,0,500
Flinders-HCHB,2020,Jun,MM,PP,I,rep5,Frozen,Chironomidae,1,,0.0016,0.0011,,0.6875,0,0,500
Flinders-HCHB,2020,Jun,MM,PP,S,rep2,Frozen,Chironomidae,3,,1E-04,0.0002,,2,0,0,500
Flinders-HCHB,2020,Jun,MM,PP,S,rep3,Frozen,Chironomidae,1,,0,0,,#DIV/0!,#DIV/0!,#DIV/0!,500
Flinders-HCHB,2020,Jun,MM,PP,S,rep4,Frozen,Chironomidae,2,,0.0003,0,,0,#DIV/0!,0,500
Flinders-HCHB,2020,Jun,MM,PP,S,rep5,Frozen,Chironomidae,5,,0.0009,1E-04,,0.111111111,0,0,500
Flinders-HCHB,2020,Jun,MM,PP,P,rep1,Frozen,Chironomidae,1,,0.0004,0,,0,#DIV/0!,0,500
Flinders-HCHB,2020,Jun,MM,PP,P,rep2,Frozen,Chironomidae,5,,0.0014,0.0005,,0.357142857,0,0,500
Flinders-HCHB,2020,Jun,MM,PP,P,rep3,Frozen,Chironomidae,3,,0.0004,0,,0,#DIV/0!,0,500
Flinders-HCHB,2020,Jun,MM,PP,P,rep4,Frozen,Chironomidae,1,,0,0,,#DIV/0!,#DIV/0!,#DIV/0!,500
Flinders-HCHB,2020,Jun,NL,LP,I,rep1,Frozen,Chironomidae,1,,0.0008,0.0003,,0.375,0,0,500
Flinders-HCHB,2020,Jun,NL,LP,I,rep3,Frozen,Chironomidae,1,,0.0005,0,,0,#DIV/0!,0,500
Flinders-HCHB,2020,Jun,NL,LP,I,rep4,Frozen,Chironomidae,1,,0,0,,#DIV/0!,#DIV/0!,#DIV/0!,500
Flinders-HCHB,2020,Jun,NL,LP,I,rep5,Frozen,Chironomidae,1,,0.0004,0,,0,#DIV/0!,0,500
Flinders-HCHB,2020,Jun,NL,NM,I,rep1,Frozen,Chironomidae,8,,0.0026,0.0008,,0.307692308,0,0,500
Flinders-HCHB,2020,Jun,NL,NM,I,rep3,Frozen,Chironomidae,10,,0.0035,0.0002,,0.057142857,0,0,500
Flinders-HCHB,2020,Jun,NL,NM,I,rep4,Frozen,Chironomidae,1,,0.0003,0.0005,,1.666666667,0,0,500
Flinders-HCHB,2020,Jun,NL,NM,I,rep5,Frozen,Chironomidae,4,,0.0016,0.0002,,0.125,0,0,500
Flinders-HCHB,2020,Jun,NL,NM,S,rep1,Frozen,Chironomidae,2,,0.0003,0,,0,#DIV/0!,0,500
Flinders-HCHB,2020,Jun,NL,NM,P,rep1,Frozen,Chironomidae,4,,0.0005,0,,0,#DIV/0!,0,500
Flinders-HCHB,2020,Jun,NL,NM,P,rep2,Frozen,Chironomidae,7,,0.002,0.0006,,0.3,0,0,500
Flinders-HCHB,2020,Jun,NL,NM,P,rep3,Frozen,Chironomidae,70,,0.0401,0.0071,,0.177057357,0,0,500
Flinders-HCHB,2020,Jun,NL,NM,P,rep4,Frozen,Chironomidae,13,,0.0061,0.0008,,0.131147541,0,0,500
Flinders-HCHB,2020,Jun,NL,NM,P,rep5,Frozen,Chironomidae,18,,0.007,0.0004,,0.057142857,0,0,500
Flinders-HCHB,2020,Jun,SL,HG,I,rep1,Frozen,Chironomidae,23,,0.0062,0.0009,,0.14516129,0,0,500
Flinders-HCHB,2020,Jun,SL,HG,I,rep2,Frozen,Chironomidae,91,,0.0265,0.0053,,0.2,0,0,500
Flinders-HCHB,2020,Jun,SL,HG,I,rep3,Frozen,Chironomidae,107,,0.0285,0.0043,,0.150877193,0,0,500
Flinders-HCHB,2020,Jun,SL,HG,I,rep4,Frozen,Chironomidae,76,,0.017,0.0045,,0.264705882,0,0,500
Flinders-HCHB,2020,Jun,SL,HG,I,rep5,Frozen,Chironomidae,23,,0.0071,0.0012,,0.169014085,0,0,500
Flinders-HCHB,2020,Jun,SL,HG,S,rep1,Frozen,Chironomidae,13,,0.0032,0.0006,,0.1875,0,0,500
Flinders-HCHB,2020,Jun,SL,HG,S,rep2,Frozen,Chironomidae,4,,0.0001,0,,0,#DIV/0!,0,500
Flinders-HCHB,2020,Jun,SL,HG,S,rep3,Frozen,Chironomidae,6,,0.0012,0.0003,,0.25,0,0,500
Flinders-HCHB,2020,Jun,SL,HG,S,rep4,Frozen,Chironomidae,7,,0.0034,0.0009,,0.264705882,0,0,500
Flinders-HCHB,2020,Jun,SL,HG,S,rep5,Frozen,Chironomidae,8,,0.0022,0.0004,,0.181818182,0,0,500
Flinders-HCHB,2020,Jun,SL,JP,I,rep2,Frozen,Chironomidae,203,,0.0489,0.0115,,0.235173824,0,0,500
Flinders-HCHB,2020,Jun,SL,JP,I,rep3,Frozen,Chironomidae,5,,0.0018,0,,0,#DIV/0!,0,500
Flinders-HCHB,2020,Jun,SL,JP,I,rep4,Frozen,Chironomidae,16,,0.0049,0.0014,,0.285714286,0,0,500
Flinders-HCHB,2020,Jun,SL,JP,I,rep5,Frozen,Chironomidae,16,,0.0043,0.0004,,0.093023256,0,0,500
Flinders-HCHB,2020,Jun,SL,JP,S,rep1,Frozen,Chironomidae,6,,0.0005,0,,0,#DIV/0!,0,500
Flinders-HCHB,2020,Jun,SL,JP,S,rep2,Frozen,Chironomidae,19,,0.0064,0.0012,,0.1875,0,0,500
Flinders-HCHB,2020,Jun,SL,JP,S,rep3,Frozen,Chironomidae,18,,0.0069,0.0011,,0.15942029,0,0,500
Flinders-HCHB,2020,Jun,SL,JP,S,rep4,Frozen,Chironomidae,7,,0.0014,1E-04,,0.071428571,0,0,500
Flinders-HCHB,2020,Jun,SL,JP,S,rep5,Frozen,Chironomidae,10,,0.0035,0.0009,,0.257142857,0,0,500
Flinders-HCHB,2020,Jun,SL,SC,I,rep2,Frozen,Chironomidae,1,,0,0,,#DIV/0!,#DIV/0!,#DIV/0!,500
Flinders-HCHB,2020,Jun,SL,SC,I,rep5,Frozen,Chironomidae,3,,0.0006,0,,0,#DIV/0!,0,500
Flinders-HCHB,2020,Jun,SL,SC,S,rep3,Frozen,Chironomidae,1,,0.0006,0.0003,,0.5,0,0,500
Flinders-HCHB,2020,Jun,MM,B19,P,rep1,Frozen,Amphipoda,264,,0.1329,0.0204,,0.153498871,0,0,500
Flinders-HCHB,2020,Jun,MM,B19,P,rep2,Frozen,Amphipoda,128,,0.0842,0.0133,,0.157957245,0,0,500
Flinders-HCHB,2020,Jun,MM,B19,P,rep3,Frozen,Amphipoda,109,,0.0573,0.0092,,0.160558464,0,0,500
Flinders-HCHB,2020,Jun,MM,B19,P,rep4,Frozen,Amphipoda,231,,0.1222,0.0225,,0.184124386,0,0,500
Flinders-HCHB,2020,Jun,MM,B19,P,rep5,Frozen,Amphipoda,97,,0.0499,0.0085,,0.170340681,0,0,500
Flinders-HCHB,2020,Jun,MM,B19,S,rep1,Frozen,Amphipoda,1,,0.0041,0,,0,#DIV/0!,0,500
Flinders-HCHB,2020,Jun,MM,B19,S,rep3,Frozen,Amphipoda,2,,0.0006,0.0002,,0.333333333,0,0,500
Flinders-HCHB,2020,Jun,MM,B19,S,rep4,Frozen,Amphipoda,3,,0.0021,0.0006,,0.285714286,0,0,500
Flinders-HCHB,2020,Jun,MM,B19,S,rep5,Frozen,Amphipoda,68,,0.0933,0.0125,,0.13397642,0,0,500
Flinders-HCHB,2020,Jun,MM,B19,I,rep1,Frozen,Amphipoda,69,,0.0217,0.0019,,0.087557604,0,0,500
Flinders-HCHB,2020,Jun,MM,B19,I,rep2,Frozen,Amphipoda,93,,0.0452,0.0059,,0.130530973,0,0,500
Flinders-HCHB,2020,Jun,MM,B19,I,rep3,Frozen,Amphipoda,190,,0.0683,0.012,,0.175695461,0,0,500
Flinders-HCHB,2020,Jun,MM,B19,I,rep4,Frozen,Amphipoda,475,,0.1447,0.0201,,0.138908086,0,0,500
Flinders-HCHB,2020,Jun,MM,B19,I,rep5,Frozen,Amphipoda,314,,0.0652,0.0149,,0.228527607,0,0,500
Flinders-HCHB,2020,Jun,MM,PP,I,rep1,Frozen,Amphipoda,91,,0.1646,0.029,,0.17618469,0,0,500
Flinders-HCHB,2020,Jun,MM,PP,I,rep2,Frozen,Amphipoda,169,,0.0765,0.0127,,0.166013072,0,0,500
Flinders-HCHB,2020,Jun,MM,PP,I,rep3,Frozen,Amphipoda,158,,0.1468,0.0202,,0.13760218,0,0,500
Flinders-HCHB,2020,Jun,MM,PP,I,rep4,Frozen,Amphipoda,88,,0.0649,0.0096,,0.147919877,0,0,500
Flinders-HCHB,2020,Jun,MM,PP,I,rep5,Frozen,Amphipoda,27,,0.0307,0.0061,,0.198697068,0,0,500
Flinders-HCHB,2020,Jun,MM,PP,S,rep1,Frozen,Amphipoda,4675,,1.0976,0.2392,,0.217930029,0,0,500
Flinders-HCHB,2020,Jun,MM,PP,S,rep2,Frozen,Amphipoda,567,,0.1942,0.0376,,0.19361483,0,0,500
Flinders-HCHB,2020,Jun,MM,PP,S,rep3,Frozen,Amphipoda,431,,0.1469,0.0233,,0.1586113,0,0,500
Flinders-HCHB,2020,Jun,MM,PP,S,rep4,Frozen,Amphipoda,2943,,0.9729,0.1486,,0.152739233,0,0,500
Flinders-HCHB,2020,Jun,MM,PP,S,rep5,Frozen,Amphipoda,585,,0.2349,0.0374,,0.159216688,0,0,500
Flinders-HCHB,2020,Jun,MM,PP,P,rep1,Frozen,Amphipoda,616,,0.206,0.0339,,0.164563107,0,0,500
Flinders-HCHB,2020,Jun,MM,PP,P,rep2,Frozen,Amphipoda,991,,0.4173,0.0701,,0.167984663,0,0,500
Flinders-HCHB,2020,Jun,MM,PP,P,rep3,Frozen,Amphipoda,1103,,0.4236,0.0691,,0.16312559,0,0,500
Flinders-HCHB,2020,Jun,MM,PP,P,rep4,Frozen,Amphipoda,1008,,0.446,0.072,,0.161434978,0,0,500
Flinders-HCHB,2020,Jun,MM,PP,P,rep5,Frozen,Amphipoda,774,,0.3434,0.0492,,0.143273151,0,0,500
Flinders-HCHB,2020,Jun,NL,LP,I,rep1,Frozen,Amphipoda,482,,0.1385,0.0224,,0.161732852,0,0,500
Flinders-HCHB,2020,Jun,NL,LP,I,rep2,Frozen,Amphipoda,444,,0.1495,0.0193,,0.12909699,0,0,500
Flinders-HCHB,2020,Jun,NL,LP,I,rep3,Frozen,Amphipoda,665,,0.191,0.0282,,0.147643979,0,0,500
Flinders-HCHB,2020,Jun,NL,LP,I,rep4,Frozen,Amphipoda,593,,0.233,0.032,,0.137339056,0,0,500
Flinders-HCHB,2020,Jun,NL,LP,I,rep5,Frozen,Amphipoda,680,,0.2509,0.0333,,0.1327222,0,0,500
Flinders-HCHB,2020,Jun,NL,LP,S,rep1,Frozen,Amphipoda,818,,0.2086,0.0387,,0.185522531,0,0,500
Flinders-HCHB,2020,Jun,NL,LP,S,rep2,Frozen,Amphipoda,711,,0.2549,0.0336,,0.131816399,0,0,500
Flinders-HCHB,2020,Jun,NL,LP,S,rep3,Frozen,Amphipoda,343,,0.1233,0.0191,,0.154906732,0,0,500
Flinders-HCHB,2020,Jun,NL,LP,S,rep4,Frozen,Amphipoda,307,,0.0844,0.0152,,0.180094787,0,0,500
Flinders-HCHB,2020,Jun,NL,LP,S,rep5,Frozen,Amphipoda,852,,0.2186,0.033,,0.150960659,0,0,500
Flinders-HCHB,2020,Jun,NL,LP,P,rep1,Frozen,Amphipoda,767,,0.1825,0.0274,,0.150136986,0,0,500
Flinders-HCHB,2020,Jun,NL,LP,P,rep2,Frozen,Amphipoda,1278,,0.3627,0.0567,,0.156327543,0,0,500
Flinders-HCHB,2020,Jun,NL,LP,P,rep3,Frozen,Amphipoda,653,,0.2212,0.0372,,0.168173599,0,0,500
Flinders-HCHB,2020,Jun,NL,LP,P,rep4,Frozen,Amphipoda,613,,0.2295,0.0296,,0.128976035,0,0,500
Flinders-HCHB,2020,Jun,NL,LP,P,rep5,Frozen,Amphipoda,852,,0.2309,0.0397,,0.171935903,0,0,500
Flinders-HCHB,2020,Jun,NL,NM,I,rep1,Frozen,Amphipoda,1,,0.0003,0,,0,#DIV/0!,0,500
Flinders-HCHB,2020,Jun,NL,NM,P,rep4,Frozen,Amphipoda,1,,0,0,,#DIV/0!,#DIV/0!,#DIV/0!,500
Flinders-HCHB,2020,Jun,MM,B19,P,rep1,Frozen,Arthritica,761,,0.9538,0.5156,,0.540574544,0,0,500
Flinders-HCHB,2020,Jun,MM,B19,P,rep2,Frozen,Arthritica,852,,1.4285,0.7166,,0.501645082,0,0,500
Flinders-HCHB,2020,Jun,MM,B19,P,rep3,Frozen,Arthritica,771,,1.1668,0.6214,,0.532567707,0,0,500
Flinders-HCHB,2020,Jun,MM,B19,P,rep4,Frozen,Arthritica,1022,,1.2278,0.7128,,0.580550578,0,0,500
Flinders-HCHB,2020,Jun,MM,B19,P,rep5,Frozen,Arthritica,573,,0.754,0.3864,,0.512466844,0,0,500
Flinders-HCHB,2020,Jun,MM,B19,S,rep1,Frozen,Arthritica,29,,0.0585,0.0274,,0.468376068,0,0,500
Flinders-HCHB,2020,Jun,MM,B19,S,rep2,Frozen,Arthritica,35,,0.1496,0.0674,,0.450534759,0,0,500
Flinders-HCHB,2020,Jun,MM,B19,S,rep3,Frozen,Arthritica,3,,0.0014,0.001,,0.714285714,0,0,500
Flinders-HCHB,2020,Jun,MM,B19,S,rep4,Frozen,Arthritica,11,,0.0356,0.0147,,0.412921348,0,0,500
Flinders-HCHB,2020,Jun,MM,B19,S,rep5,Frozen,Arthritica,5,,0.0021,0.0008,,0.380952381,0,0,500
Flinders-HCHB,2020,Jun,MM,B19,I,rep1,Frozen,Arthritica,195,,0.2549,0.1359,,0.533150255,0,0,500
Flinders-HCHB,2020,Jun,MM,B19,I,rep2,Frozen,Arthritica,267,,0.3251,0.1657,,0.509689326,0,0,500
Flinders-HCHB,2020,Jun,MM,B19,I,rep3,Frozen,Arthritica,179,,0.3168,0.1599,,0.504734848,0,0,500
Flinders-HCHB,2020,Jun,MM,B19,I,rep4,Frozen,Arthritica,1110,,1.5387,0.8532,,0.554494053,0,0,500
Flinders-HCHB,2020,Jun,MM,B19,I,rep5,Frozen,Arthritica,792,,1.0025,0.5345,,0.533167082,0,0,500
Flinders-HCHB,2020,Jun,MM,PP,I,rep1,Frozen,Arthritica,81,,0.1283,0.0636,,0.495713172,0,0,500
Flinders-HCHB,2020,Jun,MM,PP,I,rep2,Frozen,Arthritica,105,,0.1581,0.0806,,0.509803922,0,0,500
Flinders-HCHB,2020,Jun,MM,PP,I,rep3,Frozen,Arthritica,78,,0.1455,0.0705,,0.484536082,0,0,500
Flinders-HCHB,2020,Jun,MM,PP,I,rep4,Frozen,Arthritica,79,,0.1218,0.0686,,0.563218391,0,0,500
Flinders-HCHB,2020,Jun,MM,PP,I,rep5,Frozen,Arthritica,75,,0.1459,0.0773,,0.529814942,0,0,500
Flinders-HCHB,2020,Jun,MM,PP,S,rep1,Frozen,Arthritica,581,,0.9829,0.6414,,0.652558755,0,0,500
Flinders-HCHB,2020,Jun,MM,PP,S,rep2,Frozen,Arthritica,612,,1.0893,0.6427,,0.590011934,0,0,500
Flinders-HCHB,2020,Jun,MM,PP,S,rep3,Frozen,Arthritica,443,,1.0022,0.6456,,0.644182798,0,0,500
Flinders-HCHB,2020,Jun,MM,PP,S,rep4,Frozen,Arthritica,702,,1.5499,0.9388,,0.605716498,0,0,500
Flinders-HCHB,2020,Jun,MM,PP,S,rep5,Frozen,Arthritica,572,,1.1854,0.7066,,0.596085709,0,0,500
Flinders-HCHB,2020,Jun,MM,PP,P,rep1,Frozen,Arthritica,84,,0.1368,0.0839,,0.613304094,0,0,500
Flinders-HCHB,2020,Jun,MM,PP,P,rep2,Frozen,Arthritica,73,,0.0912,0.0581,,0.637061404,0,0,500
Flinders-HCHB,2020,Jun,MM,PP,P,rep3,Frozen,Arthritica,119,,0.1311,0.0898,,0.684973303,0,0,500
Flinders-HCHB,2020,Jun,MM,PP,P,rep4,Frozen,Arthritica,67,,0.0997,0.0603,,0.604814443,0,0,500
Flinders-HCHB,2020,Jun,MM,PP,P,rep5,Frozen,Arthritica,41,,0.0753,0.0466,,0.618857902,0,0,500
Flinders-HCHB,2020,Jun,NL,LP,I,rep1,Frozen,Arthritica,406,,0.5922,0.2895,,0.488855117,0,0,500
Flinders-HCHB,2020,Jun,NL,LP,I,rep2,Frozen,Arthritica,290,,0.5206,0.2495,,0.479254706,0,0,500
Flinders-HCHB,2020,Jun,NL,LP,I,rep3,Frozen,Arthritica,250,,0.5306,0.2817,,0.530908406,0,0,500
Flinders-HCHB,2020,Jun,NL,LP,I,rep4,Frozen,Arthritica,135,,0.1728,0.0907,,0.524884259,0,0,500
Flinders-HCHB,2020,Jun,NL,LP,I,rep5,Frozen,Arthritica,125,,0.1285,0.0711,,0.553307393,0,0,500
Flinders-HCHB,2020,Jun,NL,LP,S,rep1,Frozen,Arthritica,19,,0.0284,0.0146,,0.514084507,0,0,500
Flinders-HCHB,2020,Jun,NL,LP,S,rep2,Frozen,Arthritica,10,,0.0212,0.0107,,0.504716981,0,0,500
Flinders-HCHB,2020,Jun,NL,LP,S,rep3,Frozen,Arthritica,6,,0.0158,0.007,,0.443037975,0,0,500
Flinders-HCHB,2020,Jun,NL,LP,S,rep4,Frozen,Arthritica,11,,0.0162,0.0086,,0.530864198,0,0,500
Flinders-HCHB,2020,Jun,NL,LP,S,rep5,Frozen,Arthritica,9,,0.0263,0.0135,,0.513307985,0,0,500
Flinders-HCHB,2020,Jun,NL,LP,P,rep1,Frozen,Arthritica,436,,0.69,0.4485,,0.65,0,0,500
Flinders-HCHB,2020,Jun,NL,LP,P,rep2,Frozen,Arthritica,780,,1.0733,0.619,,0.576725985,0,0,500
Flinders-HCHB,2020,Jun,NL,LP,P,rep3,Frozen,Arthritica,485,,0.8912,0.4997,,0.560704668,0,0,500
Flinders-HCHB,2020,Jun,NL,LP,P,rep4,Frozen,Arthritica,681,,1.0288,0.5783,,0.562111198,0,0,500
Flinders-HCHB,2020,Jun,NL,LP,P,rep5,Frozen,Arthritica,417,,0.6867,0.4435,,0.645842435,0,0,500
Flinders-HCHB,2020,Jun,MM,B19,P,rep1,Frozen,Hydrobiidae,5,,0.0409,0.0247,,0.60391198,0,0,500
Flinders-HCHB,2020,Jun,MM,B19,P,rep2,Frozen,Hydrobiidae,15,,0.0937,0.0558,,0.595517609,0,0,500
Flinders-HCHB,2020,Jun,MM,B19,P,rep3,Frozen,Hydrobiidae,7,,0.0318,0.0187,,0.588050314,0,0,500
Flinders-HCHB,2020,Jun,MM,B19,P,rep4,Frozen,Hydrobiidae,29,,0.1903,0.1158,,0.608512874,0,0,500
Flinders-HCHB,2020,Jun,MM,B19,P,rep5,Frozen,Hydrobiidae,11,,0.0506,0.0312,,0.616600791,0,0,500
Flinders-HCHB,2020,Jun,MM,B19,S,rep1,Frozen,Hydrobiidae,14,,0.0265,0.0152,,0.573584906,0,0,500
Flinders-HCHB,2020,Jun,MM,B19,S,rep2,Frozen,Hydrobiidae,22,,0.103,0.0661,,0.641747573,0,0,500
Flinders-HCHB,2020,Jun,MM,B19,S,rep3,Frozen,Hydrobiidae,22,,0.134,0.0863,,0.644029851,0,0,500
Flinders-HCHB,2020,Jun,MM,B19,S,rep4,Frozen,Hydrobiidae,31,,0.2469,0.157,,0.635884974,0,0,500
Flinders-HCHB,2020,Jun,MM,B19,S,rep5,Frozen,Hydrobiidae,29,,0.0595,0.0305,,0.512605042,0,0,500
Flinders-HCHB,2020,Jun,MM,B19,I,rep1,Frozen,Hydrobiidae,8,,0.0782,0.0489,,0.625319693,0,0,500
Flinders-HCHB,2020,Jun,MM,B19,I,rep2,Frozen,Hydrobiidae,14,,0.1296,0.0817,,0.630401235,0,0,500
Flinders-HCHB,2020,Jun,MM,B19,I,rep3,Frozen,Hydrobiidae,22,,0.214,0.1327,,0.620093458,0,0,500
Flinders-HCHB,2020,Jun,MM,B19,I,rep4,Frozen,Hydrobiidae,90,,0.6413,0.3916,,0.610634648,0,0,500
Flinders-HCHB,2020,Jun,MM,B19,I,rep5,Frozen,Hydrobiidae,29,,0.2247,0.1398,,0.622162884,0,0,500
Flinders-HCHB,2020,Jun,MM,PP,I,rep1,Frozen,Hydrobiidae,5,,0.0227,0.0138,,0.607929515,0,0,500
Flinders-HCHB,2020,Jun,MM,PP,I,rep2,Frozen,Hydrobiidae,4,,0.0052,0.0027,,0.519230769,0,0,500
Flinders-HCHB,2020,Jun,MM,PP,I,rep3,Frozen,Hydrobiidae,3,,0.0165,0.0095,,0.575757576,0,0,500
Flinders-HCHB,2020,Jun,MM,PP,I,rep4,Frozen,Hydrobiidae,3,,0.0181,0.0111,,0.613259669,0,0,500
Flinders-HCHB,2020,Jun,MM,PP,I,rep5,Frozen,Hydrobiidae,5,,0.0045,0.002,,0.444444444,0,0,500
Flinders-HCHB,2020,Jun,MM,PP,S,rep1,Frozen,Hydrobiidae,45,,0.4388,0.2854,,0.65041021,0,0,500
Flinders-HCHB,2020,Jun,MM,PP,S,rep2,Frozen,Hydrobiidae,13,,0.129,0.0846,,0.655813953,0,0,500
Flinders-HCHB,2020,Jun,MM,PP,S,rep3,Frozen,Hydrobiidae,7,,0.0592,0.0407,,0.6875,0,0,500
Flinders-HCHB,2020,Jun,MM,PP,S,rep4,Frozen,Hydrobiidae,3,,0.0234,0.0148,,0.632478632,0,0,500
Flinders-HCHB,2020,Jun,MM,PP,S,rep5,Frozen,Hydrobiidae,6,,0.0307,0.0198,,0.64495114,0,0,500
Flinders-HCHB,2020,Jun,MM,PP,P,rep2,Frozen,Hydrobiidae,3,,0.0027,0.0016,,0.592592593,0,0,500
Flinders-HCHB,2020,Jun,MM,PP,P,rep4,Frozen,Hydrobiidae,1,,0.002,0.0016,,0.8,0,0,500
Flinders-HCHB,2020,Jun,MM,PP,P,rep5,Frozen,Hydrobiidae,1,,0.0009,0.0006,,0.666666667,0,0,500
Flinders-HCHB,2020,Jun,NL,LP,I,rep1,Frozen,Hydrobiidae,6,,0.008,0.0044,,0.55,0,0,500
Flinders-HCHB,2020,Jun,NL,LP,S,rep1,Frozen,Hydrobiidae,2,,0.0014,0.0007,,0.5,0,0,500
Flinders-HCHB,2020,Jun,NL,LP,P,rep3,Frozen,Hydrobiidae,2,,0.0009,0.0007,,0.777777778,0,0,500
Flinders-HCHB,2020,Jun,MM,B19,P,rep2,Frozen,Salinator,3,,0.0125,0.0047,,0.376,0,0,500
Flinders-HCHB,2020,Jun,MM,B19,P,rep3,Frozen,Salinator,5,,0.3727,0.1409,,0.378052053,0,0,500
Flinders-HCHB,2020,Jun,MM,B19,P,rep4,Frozen,Salinator,4,,0.0136,0.0065,,0.477941176,0,0,500
Flinders-HCHB,2020,Jun,MM,B19,P,rep5,Frozen,Phyllodoce,1,,0.0341,0.0024,,0.070381232,0,0,500
Flinders-HCHB,2020,Jun,MM,B19,P,rep5,Frozen,Salinator,13,,2.06,0.8702,,0.422427184,0,0,500
Flinders-HCHB,2020,Jun,MM,B19,S,rep1,Frozen,Salinator,1,,0,0,,#DIV/0!,#DIV/0!,#DIV/0!,500
Flinders-HCHB,2020,Jun,MM,B19,I,rep1,Frozen,Salinator,1,,0.1565,0.0667,,0.426198083,0,0,500
Flinders-HCHB,2020,Jun,MM,B19,I,rep2,Frozen,Salinator,2,,0.1068,0.0381,,0.356741573,0,0,500
Flinders-HCHB,2020,Jun,MM,B19,I,rep3,Frozen,Salinator,4,,0.4485,0.1816,,0.40490524,0,0,500
Flinders-HCHB,2020,Jun,MM,B19,I,rep4,Frozen,Salinator,26,,0.6782,0.2793,,0.41182542,0,0,500
Flinders-HCHB,2020,Jun,MM,B19,I,rep5,Frozen,Salinator,12,,0.3252,0.1431,,0.4400369,0,0,500
Flinders-HCHB,2020,Jun,MM,PP,I,rep1,Frozen,Salinator,4,,0.6694,0.2823,,0.421720944,0,0,500
Flinders-HCHB,2020,Jun,MM,PP,I,rep2,Frozen,Salinator,6,,0.0861,0.0354,,0.411149826,0,0,500
Flinders-HCHB,2020,Jun,MM,PP,I,rep3,Frozen,Salinator,6,,0.3865,0.1668,,0.43156533,0,0,500
Flinders-HCHB,2020,Jun,MM,PP,I,rep4,Frozen,Salinator,8,,0.049,0.0221,,0.451020408,0,0,500
Flinders-HCHB,2020,Jun,MM,PP,I,rep5,Frozen,Salinator,2,,0.0056,0.0031,,0.553571429,0,0,500
Flinders-HCHB,2020,Jun,MM,PP,P,rep5,Frozen,Salinator,2,,0.013,0.0051,,0.392307692,0,0,500
Flinders-HCHB,2020,Jun,MM,B19,P,rep3,Frozen,Amarinus laevis,1,,0.0733,0.0188,,0.256480218,0,0,500
Flinders-HCHB,2020,Jun,MM,B19,P,rep2,Frozen,Soletellina,1,,0.0074,0.0023,,0.310810811,0,0,500
Flinders-HCHB,2020,Jun,MM,B19,I,rep2,Frozen,Soletellina,1,0.7051,0.4661,0.0453,,0.097189444,0,0,500
Flinders-HCHB,2020,Jun,MM,PP,S,rep1,Frozen,Soletellina,,0.3474,0.2153,0.0382,,0.177426846,0,0,500
Flinders-HCHB,2020,Jun,MM,PP,S,rep2,Frozen,Soletellina,2,0.3892,0.246,0.0389,,0.158130081,0,0,500
Flinders-HCHB,2020,Jun,MM,PP,S,rep4,Frozen,Soletellina,1,0.1167,0.0721,0.0095,,0.131761442,0,0,500
Flinders-HCHB,2020,Jun,MM,PP,S,rep5,Frozen,Soletellina,1,0.5747,0.3382,0.0593,,0.175340035,0,0,500
Flinders-HCHB,2020,Jun,MM,PP,P,rep1,Frozen,Soletellina,1,0.1269,0.0761,0.0116,,0.152431012,0,0,500
Flinders-HCHB,2020,Jun,MM,PP,P,rep3,Frozen,Soletellina,4,0.53,0.3,0.0281,,0.093666667,0,0,500
Flinders-HCHB,2020,Jun,NL,LP,P,rep3,Frozen,Soletellina,1,2.2974,1.5665,0.3296,,0.210405362,0,0,500
Flinders-HCHB,2020,Jun,MM,B19,P,rep2,Frozen,Spisula,1,0.3935,0.106,0.0075,,0.070754717,0,0,500
Flinders-HCHB,2020,Jun,MM,PP,S,rep1,Frozen,Spisula,9,3.3408,0.7727,0.278,,0.359777404,0,0,500
Flinders-HCHB,2020,Jun,MM,PP,S,rep2,Frozen,Spisula,11,4.3511,1.1696,0.3496,,0.298905609,0,0,500
Flinders-HCHB,2020,Jun,MM,PP,S,rep3,Frozen,Spisula,8,2.3988,0.5133,0.0835,,0.162672901,0,0,500
Flinders-HCHB,2020,Jun,MM,PP,S,rep4,Frozen,Spisula,11,4.1458,0.8432,0.0975,,0.11563093,0,0,500
Flinders-HCHB,2020,Jun,MM,PP,S,rep5,Frozen,Spisula,11,2.8417,0.6821,0.0714,,0.104676734,0,0,500
Flinders-HCHB,2020,Jun,NL,LP,S,rep1,Frozen,Spisula,1,0.2644,0.0727,0.0041,,0.056396149,0,0,500
Flinders-HCHB,2020,Jun,NL,LP,S,rep2,Frozen,Spisula,1,0.5554,0.1001,0.007,,0.06993007,0,0,500
Flinders-HCHB,2020,Jun,MM,PP,S,rep4,Frozen,Phyllodoce,1,,0.0535,0.0022,,0.041121495,0,0,500
Flinders-HCHB,2020,Jun,NL,LP,P,rep4,Frozen,Phyllodoce,1,,0.5191,0.0354,,0.068194953,0,0,500
Flinders-HCHB,2020,Jun,MM,B19,P,rep3,Frozen,Nephtys,1,,0.023,0.0023,,0.1,0,0,500
Flinders-HCHB,2020,Jun,MM,B19,S,rep1,Frozen,Nephtys,1,,0.0394,0.002,,0.050761421,0,0,500
Flinders-HCHB,2020,Jun,MM,B19,S,rep2,Frozen,Nephtys,1,,0.1772,0.0135,,0.076185102,0,0,500
Flinders-HCHB,2020,Jun,MM,B19,S,rep4,Frozen,Nephtys,1,,0.0113,0.0006,,0.053097345,0,0,500
Flinders-HCHB,2020,Jun,MM,PP,S,rep1,Frozen,Nephtys,6,,0.5949,0.037,,0.062195327,0,0,500
Flinders-HCHB,2020,Jun,MM,PP,S,rep2,Frozen,Nephtys,7,,0.5946,0.0565,,0.095021863,0,0,500
Flinders-HCHB,2020,Jun,MM,PP,S,rep3,Frozen,Nephtys,9,,0.616,0.0415,,0.06737013,0,0,500
Flinders-HCHB,2020,Jun,MM,PP,S,rep4,Frozen,Nephtys,5,,0.4803,0.0293,,0.061003539,0,0,500
Flinders-HCHB,2020,Jun,MM,PP,S,rep5,Frozen,Nephtys,5,,0.3309,0.0199,,0.060139015,0,0,500
Flinders-HCHB,2020,Jun,MM,PP,P,rep5,Frozen,Nephtys,1,,0.0997,0.0083,,0.083249749,0,0,500
Flinders-HCHB,2020,Jun,MM,B19,S,rep1,Frozen,Boccardiella,38,,0.0074,0.0006,,0.081081081,0,0,500
Flinders-HCHB,2020,Jun,MM,B19,S,rep2,Frozen,Boccardiella,43,,0.0332,0.0031,,0.093373494,0,0,500
Flinders-HCHB,2020,Jun,MM,B19,S,rep4,Frozen,Boccardiella,88,,0.1628,0.0115,,0.070638821,0,0,500
Flinders-HCHB,2020,Jun,MM,B19,S,rep5,Frozen,Boccardiella,3,,0.0023,0,,0,#DIV/0!,0,500
Flinders-HCHB,2020,Jun,MM,B19,I,rep5,Frozen,Boccardiella,5,,0.0013,0,,0,#DIV/0!,0,500
Flinders-HCHB,2020,Jun,MM,PP,P,rep2,Frozen,Boccardiella,1,,0.0013,0,,0,#DIV/0!,0,500
Flinders-HCHB,2020,Jun,MM,B19,S,rep5,Frozen,Ficopomatus,9,,0.0162,0.0008,,0.049382716,0,0,500
Flinders-HCHB,2020,Jun,SL,JP,I,rep4,Frozen,Ceratopogonidae,1,,0.0003,1E-04,,0.333333333,0,0,500
Flinders-HCHB,2020,Jun,SL,JP,I,rep2,Frozen,Dolichopodidae,2,,0.0007,0,,0,#DIV/0!,0,500
Flinders-HCHB,2020,Jun,MM,PP,S,rep1,Frozen,Mysidacea,2,,0.0018,0.0007,,0.388888889,0,0,500
Flinders-HCHB,2020,Jun,MM,PP,S,rep2,Frozen,Mysidacea,4,,0.0017,0.0008,,0.470588235,0,0,500
Flinders-HCHB,2020,Jun,MM,PP,S,rep3,Frozen,Mysidacea,2,,0.0013,0,,0,#DIV/0!,0,500
Flinders-HCHB,2020,Jun,MM,PP,S,rep4,Frozen,Mysidacea,3,,0.002,0.0003,,0.15,0,0,500
Flinders-HCHB,2020,Jun,MM,PP,P,rep1,Frozen,Mysidacea,2,,0.0016,1E-04,,0.0625,0,0,500
Flinders-HCHB,2020,Jun,MM,PP,P,rep2,Frozen,Mysidacea,3,,0.0079,0,,0,#DIV/0!,0,500
Flinders-HCHB,2020,Jun,MM,PP,P,rep4,Frozen,Mysidacea,1,,0.001,0,,0,#DIV/0!,0,500
Flinders-HCHB,2020,Jun,MM,PP,P,rep5,Frozen,Mysidacea,5,,0.0171,0.0032,,0.187134503,0,0,500
Flinders-HCHB,2020,Jun,NL,LP,I,rep1,Frozen,Mysidacea,1,,,,,#DIV/0!,#DIV/0!,#DIV/0!,500
Flinders-HCHB,2020,Jun,NL,LP,I,rep5,Frozen,Mysidacea,1,,0.0138,0.0014,,0.101449275,0,0,500
Flinders-HCHB,2020,Jun,NL,LP,S,rep4,Frozen,Mysidacea,1,,0.0081,0.0013,,0.160493827,0,0,500
Flinders-HCHB,2020,Jun,NL,LP,P,rep3,Frozen,Mysidacea,3,,0.0189,0.0031,,0.164021164,0,0,500
Flinders-HCHB,2020,Jun,NL,LP,P,rep4,Frozen,Mysidacea,4,,0.0144,0.0047,,0.326388889,0,0,500
Flinders-HCHB,2020,Jun,NL,NM,P,rep1,Frozen,Mysidacea,2,,0.02,0.0046,,0.23,0,0,500
Flinders-HCHB,2020,Jun,NL,NM,P,rep2,Frozen,Mysidacea,1,,0.0054,0.0008,,0.148148148,0,0,500
Flinders-HCHB,2020,Jun,MM,B19,S,rep5,Frozen,Rhynchobdellida,1,,,,,#DIV/0!,#DIV/0!,#DIV/0!,500
Flinders-HCHB,2020,Jun,MM,B19,S,rep4,Frozen,Ostracoda,1,,,,,#DIV/0!,#DIV/0!,#DIV/0!,500
Flinders-HCHB,2020,Jun,MM,B19,S,rep5,Frozen,Ostracoda,12,,0.0015,0,,0,#DIV/0!,0,500
Flinders-HCHB,2020,Jun,MM,PP,S,rep1,Frozen,Ostracoda,2,,0.0011,0.0005,,0.454545455,0,0,500
Flinders-HCHB,2020,Jun,NL,LP,S,rep2,Frozen,Ostracoda,2,,0,0,,#DIV/0!,#DIV/0!,#DIV/0!,500
Flinders-HCHB,2020,Jun,NL,NM,P,rep2,Frozen,Ostracoda,5,,0,0,,#DIV/0!,#DIV/0!,#DIV/0!,500
Flinders-HCHB,2020,Jun,SL,HG,I,rep1,Frozen,Ostracoda,14,,0.0019,0.0002,,0.105263158,0,0,500
Flinders-HCHB,2020,Jun,SL,HG,I,rep2,Frozen,Ostracoda,13,,0.0108,0.0005,,0.046296296,0,0,500
Flinders-HCHB,2020,Jun,SL,HG,I,rep3,Frozen,Ostracoda,9,,0.001,1E-04,,0.1,0,0,500
Flinders-HCHB,2020,Jun,SL,HG,I,rep4,Frozen,Ostracoda,28,,0.0022,0.0002,,0.090909091,0,0,500
Flinders-HCHB,2020,Jun,SL,HG,I,rep5,Frozen,Ostracoda,10,,0.0016,0.0003,,0.1875,0,0,500
Flinders-HCHB,2020,Jun,SL,HG,S,rep5,Frozen,Ostracoda,5,,0.0004,0,,0,#DIV/0!,0,500
Flinders-HCHB,2020,Jun,MM,PP,S,rep1,Frozen,Liloa brevis,3,,,,,#DIV/0!,#DIV/0!,#DIV/0!,500
Flinders-HCHB,2020,Jun,MM,PP,S,rep5,Frozen,Liloa brevis,1,,,,,#DIV/0!,#DIV/0!,#DIV/0!,500
Flinders-HCHB,2020,Jun,MM,PP,P,rep4,Frozen,Arenicolidae,1,,,,,#DIV/0!,#DIV/0!,#DIV/0!,500
Flinders-HCHB,2020,Jun,SL,JP,I,rep1,Frozen,Stratiomyidae,1,,0.0008,1E-04,,0.125,0,0,500
Flinders-HCHB,2020,Jun,SL,JP,I,rep3,Frozen,Stratiomyidae,2,,0.0002,0.0002,,1,0,0,500
Flinders-HCHB,2020,Jun,SL,JP,I,rep4,Frozen,Stratiomyidae,10,,0.0107,0.0036,,0.336448598,0,0,500
Flinders-HCHB,2020,Jun,SL,JP,I,rep5,Frozen,Stratiomyidae,2,,0.0058,0.0019,,0.327586207,0,0,500
Flinders-HCHB,2020,Jun,SL,JP,S,rep3,Frozen,Stratiomyidae,1,,0.0006,0.0001,,0.166666667,0,0,500
Flinders-HCHB,2020,Jun,SL,JP,S,rep5,Frozen,Stratiomyidae,1,,0,0,,#DIV/0!,#DIV/0!,#DIV/0!,500
Flinders-HCHB,2020,Jun,MM,B19,S,rep5,Frozen,Anemone,2,,0.1458,,,0,#DIV/0!,0,500
Flinders-HCHB,2020,Sep,MM,B19,I,rep3,Frozen,Amphipoda,84,,0.0215,0.0039,,0.181395349,0,0,500
Flinders-HCHB,2020,Sep,MM,B19,I,rep3,Frozen,Arthritica,122,,0.1086,0.0544,,0.50092081,0,0,500
Flinders-HCHB,2020,Sep,MM,B19,I,rep3,Frozen,Boccardiella,63,,0.0084,0.0016,,0.19047619,0,0,500
Flinders-HCHB,2020,Sep,MM,B19,I,rep3,Frozen,Chironomidae,3,,0.0025,0.0007,,0.28,0,0,500
Flinders-HCHB,2020,Sep,MM,B19,I,rep3,Frozen,Hydrobiidae,21,,0.1202,0.0724,,0.602329451,0,0,500
Flinders-HCHB,2020,Sep,MM,B19,I,rep3,Frozen,Simplisetia,363,,1.7684,0.1959,,0.110778105,0,0,500
Flinders-HCHB,2020,Sep,MM,B19,I,rep4,Frozen,Amphipoda,98,,0.0325,0.0055,,0.169230769,0,0,500
Flinders-HCHB,2020,Sep,MM,B19,I,rep4,Frozen,Arthritica,67,,0.0861,0.0435,,0.505226481,0,0,500
Flinders-HCHB,2020,Sep,MM,B19,I,rep4,Frozen,Boccardiella,5,,,,,#DIV/0!,#DIV/0!,#DIV/0!,500
Flinders-HCHB,2020,Sep,MM,B19,I,rep4,Frozen,Hydrobiidae,22,,0.0789,0.0453,,0.574144487,0,0,500
Flinders-HCHB,2020,Sep,MM,B19,I,rep4,Frozen,Mysidacea,2,,0.0112,0.0017,,0.151785714,0,0,500
Flinders-HCHB,2020,Sep,MM,B19,I,rep4,Frozen,Simplisetia,360,,2.3145,0.1795,,0.077554547,0,0,500
Flinders-HCHB,2020,Sep,MM,B19,S,rep4,Frozen,Amphipoda,7,,0.001,1E-04,,0.1,0,0,500
Flinders-HCHB,2020,Sep,MM,B19,S,rep4,Frozen,Arthritica,24,,0.0488,0.0257,,0.526639344,0,0,500
Flinders-HCHB,2020,Sep,MM,B19,S,rep4,Frozen,Chironomidae,118,,0.0392,0.0069,,0.176020408,0,0,500
Flinders-HCHB,2020,Sep,MM,B19,S,rep4,Frozen,Hydrobiidae,18,,0.1631,0.1033,,0.633353771,0,0,500
Flinders-HCHB,2020,Sep,MM,B19,S,rep4,Frozen,Mysidacea,15,,0.0894,0.0147,,0.16442953,0,0,500
Flinders-HCHB,2020,Sep,MM,B19,S,rep4,Frozen,Nephtys,22,,1.2687,0.0975,,0.076850319,0,0,500
Flinders-HCHB,2020,Sep,MM,B19,S,rep4,Frozen,Simplisetia,1,,0.0167,0.0012,,0.071856287,0,0,500
Flinders-HCHB,2020,Sep,MM,B19,S,rep5,Frozen,Amphipoda,11,,0.0011,0.0007,,0.636363636,0,0,500
Flinders-HCHB,2020,Sep,MM,B19,S,rep5,Frozen,Arthritica,19,,0.0726,0.0369,,0.508264463,0,0,500
Flinders-HCHB,2020,Sep,MM,B19,S,rep5,Frozen,Chironomidae,23,,0.0083,0.0024,,0.289156627,0,0,500
Flinders-HCHB,2020,Sep,MM,B19,S,rep5,Frozen,Hydrobiidae,10,,0.1115,0.0734,,0.658295964,0,0,500
Flinders-HCHB,2020,Sep,MM,B19,S,rep5,Frozen,Mysidacea,4,,0.0327,0.0063,,0.19266055,0,0,500
Flinders-HCHB,2020,Sep,MM,B19,S,rep5,Frozen,Nephtys,12,,,,,#DIV/0!,#DIV/0!,#DIV/0!,500
Flinders-HCHB,2020,Sep,MM,B19,S,rep5,Frozen,Simplisetia,2,,,,,#DIV/0!,#DIV/0!,#DIV/0!,500
Flinders-HCHB,2020,Sep,MM,B19,P,rep4,Frozen,Amphipoda,4,,,,,#DIV/0!,#DIV/0!,#DIV/0!,500
Flinders-HCHB,2020,Sep,MM,B19,P,rep4,Frozen,Arthritica,3,,,,,#DIV/0!,#DIV/0!,#DIV/0!,500
Flinders-HCHB,2020,Sep,MM,B19,P,rep4,Frozen,Capitella,5,,,,,#DIV/0!,#DIV/0!,#DIV/0!,500
Flinders-HCHB,2020,Sep,MM,B19,P,rep4,Frozen,Chironomidae,2,,,,,#DIV/0!,#DIV/0!,#DIV/0!,500
Flinders-HCHB,2020,Sep,MM,B19,P,rep4,Frozen,Hydrobiidae,5,,,,,#DIV/0!,#DIV/0!,#DIV/0!,500
Flinders-HCHB,2020,Sep,MM,B19,P,rep4,Frozen,Nephtys,3,,,,,#DIV/0!,#DIV/0!,#DIV/0!,500
Flinders-HCHB,2020,Sep,MM,B19,P,rep4,Frozen,Simplisetia,29,,,,,#DIV/0!,#DIV/0!,#DIV/0!,500
Flinders-HCHB,2020,Sep,MM,B19,S,rep3,Frozen,Amphipoda,1,,,,,#DIV/0!,#DIV/0!,#DIV/0!,500
Flinders-HCHB,2020,Sep,MM,B19,S,rep3,Frozen,Simplisetia,3,,,,,#DIV/0!,#DIV/0!,#DIV/0!,500
Flinders-HCHB,2020,Sep,MM,B19,I,rep5,Frozen,Amphipoda,140,,,,,#DIV/0!,#DIV/0!,#DIV/0!,500
Flinders-HCHB,2020,Sep,MM,B19,I,rep5,Frozen,Arthritica,87,,,,,#DIV/0!,#DIV/0!,#DIV/0!,500
Flinders-HCHB,2020,Sep,MM,B19,I,rep5,Frozen,Chironomidae,3,,,,,#DIV/0!,#DIV/0!,#DIV/0!,500
Flinders-HCHB,2020,Sep,MM,B19,I,rep5,Frozen,Hydrobiidae,12,,,,,#DIV/0!,#DIV/0!,#DIV/0!,500
Flinders-HCHB,2020,Sep,MM,B19,I,rep5,Frozen,Simplisetia,551,,,,,#DIV/0!,#DIV/0!,#DIV/0!,500
Flinders-HCHB,2020,Sep,MM,B19,I,rep5,Frozen,Boccardiella,79,,,,,#DIV/0!,#DIV/0!,#DIV/0!,500
Flinders-HCHB,2020,Sep,MM,B19,I,rep5,Frozen,Spisula,2,,,,,#DIV/0!,#DIV/0!,#DIV/0!,500
Flinders-HCHB,2020,Sep,MM,B19,P,rep3,Frozen,Amphipoda,60,,0.0211,0.0037,,0.17535545,0,0,500
Flinders-HCHB,2020,Sep,MM,B19,P,rep3,Frozen,Arthritica,56,,0.1265,0.0602,,0.475889328,0,0,500
Flinders-HCHB,2020,Sep,MM,B19,P,rep3,Frozen,Capitella,2,,0.0011,0.0003,,0.272727273,0,0,500
Flinders-HCHB,2020,Sep,MM,B19,P,rep3,Frozen,Simplisetia,47,,0.0591,0.0036,,0.060913706,0,0,500
Flinders-HCHB,2020,Sep,MM,B19,P,rep3,Frozen,Chironomidae,46,,0.0131,0.0024,,0.183206107,0,0,500
Flinders-HCHB,2020,Sep,MM,B19,P,rep3,Frozen,Hydrobiidae,68,,0.2975,0.1742,,0.585546218,0,0,500
Flinders-HCHB,2020,Sep,MM,B19,P,rep3,Frozen,Salinator,6,,0.1292,0.0402,,0.311145511,0,0,500
Flinders-HCHB,2020,Sep,MM,B19,P,rep3,Frozen,Nephtys,3,,0.2251,0.0174,,0.077298978,0,0,500
Flinders-HCHB,2020,Sep,MM,B19,P,rep5,Frozen,Amphipoda,3,,0.0006,0.0006,,1,0,0,500
Flinders-HCHB,2020,Sep,MM,B19,P,rep5,Frozen,Arthritica,6,,0.0037,0.0031,,0.837837838,0,0,500
Flinders-HCHB,2020,Sep,MM,B19,P,rep5,Frozen,Capitella,2,,1E-04,0,,0,#DIV/0!,0,500
Flinders-HCHB,2020,Sep,MM,B19,P,rep5,Frozen,Simplisetia,15,,0.0239,0.0012,,0.050209205,0,0,500
Flinders-HCHB,2020,Sep,MM,B19,P,rep5,Frozen,Chironomidae,3,,0.0003,0.0002,,0.666666667,0,0,500
Flinders-HCHB,2020,Sep,MM,B19,P,rep5,Frozen,Hydrobiidae,3,,0.0227,0.0146,,0.643171806,0,0,500
Flinders-HCHB,2020,Sep,MM,B19,P,rep5,Frozen,Nephtys,2,,0.0879,0.0057,,0.064846416,0,0,500
Flinders-HCHB,2020,Sep,MM,PP,I,rep3,Frozen,Amphipoda,38,,0.0181,0.0029,,0.160220994,0,0,500
Flinders-HCHB,2020,Sep,MM,PP,I,rep3,Frozen,Arthritica,39,,0.0589,0.0343,,0.582342954,0,0,500
Flinders-HCHB,2020,Sep,MM,PP,I,rep3,Frozen,Capitella,24,,0.0076,0.0009,,0.118421053,0,0,500
Flinders-HCHB,2020,Sep,MM,PP,I,rep3,Frozen,Boccardiella,4,,,,,#DIV/0!,#DIV/0!,#DIV/0!,500
Flinders-HCHB,2020,Sep,MM,PP,I,rep3,Frozen,Chironomidae,10,,0.0052,0.0012,,0.230769231,0,0,500
Flinders-HCHB,2020,Sep,MM,PP,I,rep3,Frozen,Hydrobiidae,3,,0.0181,0.0108,,0.596685083,0,0,500
Flinders-HCHB,2020,Sep,MM,PP,I,rep3,Frozen,Mysidacea,3,,,,,#DIV/0!,#DIV/0!,#DIV/0!,500
Flinders-HCHB,2020,Sep,MM,PP,I,rep3,Frozen,Salinator,3,,,,,#DIV/0!,#DIV/0!,#DIV/0!,500
Flinders-HCHB,2020,Sep,MM,PP,I,rep3,Frozen,Simplisetia,94,,,,,#DIV/0!,#DIV/0!,#DIV/0!,500
Flinders-HCHB,2020,Sep,MM,PP,I,rep5,Frozen,Amphipoda,86,,0.0286,0.0056,,0.195804196,0,0,500
Flinders-HCHB,2020,Sep,MM,PP,I,rep5,Frozen,Arthritica,36,,0.0541,0.0271,,0.500924214,0,0,500
Flinders-HCHB,2020,Sep,MM,PP,I,rep5,Frozen,Capitella,24,,0.0237,0.0026,,0.109704641,0,0,500
Flinders-HCHB,2020,Sep,MM,PP,I,rep5,Frozen,Boccardiella,2,,,,,#DIV/0!,#DIV/0!,#DIV/0!,500
Flinders-HCHB,2020,Sep,MM,PP,I,rep5,Frozen,Chironomidae,34,,0.0206,0.0056,,0.27184466,0,0,500
Flinders-HCHB,2020,Sep,MM,PP,I,rep5,Frozen,Hydrobiidae,35,,0.0333,0.0147,,0.441441441,0,0,500
Flinders-HCHB,2020,Sep,MM,PP,I,rep5,Frozen,Mysidacea,1,,0.0184,0.003,,0.163043478,0,0,500
Flinders-HCHB,2020,Sep,MM,PP,I,rep5,Frozen,Salinator,3,,0.0481,0.0199,,0.413721414,0,0,500
Flinders-HCHB,2020,Sep,MM,PP,I,rep5,Frozen,Simplisetia,140,,0.492,0.0399,,0.081097561,0,0,500
Flinders-HCHB,2020,Sep,MM,PP,P,rep3,Frozen,Amphipoda,191,,0.0563,0.0091,,0.161634103,0,0,500
Flinders-HCHB,2020,Sep,MM,PP,P,rep3,Frozen,Arthritica,7,,0.0116,0.0064,,0.551724138,0,0,500
Flinders-HCHB,2020,Sep,MM,PP,P,rep3,Frozen,Capitella,21,,0.0071,0.0005,,0.070422535,0,0,500
Flinders-HCHB,2020,Sep,MM,PP,P,rep3,Frozen,Chironomidae,4,,0.0029,0.0009,,0.310344828,0,0,500
Flinders-HCHB,2020,Sep,MM,PP,P,rep3,Frozen,Hydrobiidae,3,,0.0017,0.0009,,0.529411765,0,0,500
Flinders-HCHB,2020,Sep,MM,PP,P,rep3,Frozen,Mysidacea,1,,0.0068,0.0014,,0.205882353,0,0,500
Flinders-HCHB,2020,Sep,MM,PP,P,rep3,Frozen,Nephtys,2,,,,,#DIV/0!,#DIV/0!,#DIV/0!,500
Flinders-HCHB,2020,Sep,MM,PP,P,rep3,Frozen,Simplisetia,19,,,,,#DIV/0!,#DIV/0!,#DIV/0!,500
Flinders-HCHB,2020,Sep,MM,PP,P,rep3,Frozen,Boccardiella,2,,,,,#DIV/0!,#DIV/0!,#DIV/0!,500
Flinders-HCHB,2020,Sep,MM,PP,P,rep3,Frozen,Phyllodoce,1,,,,,#DIV/0!,#DIV/0!,#DIV/0!,500
Flinders-HCHB,2020,Sep,MM,PP,P,rep3,Frozen,Oligochaeta,2,,,,,#DIV/0!,#DIV/0!,#DIV/0!,500
Flinders-HCHB,2020,Sep,MM,PP,P,rep4,Frozen,Amphipoda,131,,0.0503,0.0082,,0.163021869,0,0,500
Flinders-HCHB,2020,Sep,MM,PP,P,rep4,Frozen,Arthritica,8,,0.0065,0.0038,,0.584615385,0,0,500
Flinders-HCHB,2020,Sep,MM,PP,P,rep4,Frozen,Capitella,15,,0.0015,0.0004,,0.266666667,0,0,500
Flinders-HCHB,2020,Sep,MM,PP,P,rep4,Frozen,Chironomidae,7,,0.0045,0.0013,,0.288888889,0,0,500
Flinders-HCHB,2020,Sep,MM,PP,P,rep4,Frozen,Hydrobiidae,7,,0.0073,0.0032,,0.438356164,0,0,500
Flinders-HCHB,2020,Sep,MM,PP,P,rep4,Frozen,Mysidacea,3,,0.0585,0.0085,,0.145299145,0,0,500
Flinders-HCHB,2020,Sep,MM,PP,P,rep4,Frozen,Nephtys,1,,0.1893,0.0148,,0.078182779,0,0,500
Flinders-HCHB,2020,Sep,MM,PP,P,rep4,Frozen,Oligochaeta,3,,0.0001,0,,0,#DIV/0!,0,500
Flinders-HCHB,2020,Sep,MM,PP,P,rep4,Frozen,Salinator,2,,0.0218,0.0087,,0.399082569,0,0,500
Flinders-HCHB,2020,Sep,MM,PP,P,rep4,Frozen,Simplisetia,7,,0.0269,0.0024,,0.089219331,0,0,500
Flinders-HCHB,2020,Sep,MM,PP,S,rep3,Frozen,Amphipoda,59,,0.0387,0.0033,,0.085271318,0,0,500
Flinders-HCHB,2020,Sep,MM,PP,S,rep3,Frozen,Arthritica,18,,0.0555,0.019,,0.342342342,0,0,500
Flinders-HCHB,2020,Sep,MM,PP,S,rep3,Frozen,Capitella,3,,0.0016,0,,0,#DIV/0!,0,500
Flinders-HCHB,2020,Sep,MM,PP,S,rep3,Frozen,Hydrobiidae,45,,0.2994,0.1486,,0.496325985,0,0,500
Flinders-HCHB,2020,Sep,MM,PP,S,rep3,Frozen,Nephtys,2,,0.1453,0.0106,,0.072952512,0,0,500
Flinders-HCHB,2020,Sep,MM,PP,S,rep3,Frozen,Salinator,2,,,,,#DIV/0!,#DIV/0!,#DIV/0!,500
Flinders-HCHB,2020,Sep,MM,PP,S,rep3,Frozen,Simplisetia,1,,0.0075,0,,0,#DIV/0!,0,500
Flinders-HCHB,2020,Sep,MM,PP,S,rep4,Frozen,Amphipoda,74,,0.0113,0.0026,,0.230088496,0,0,500
Flinders-HCHB,2020,Sep,MM,PP,S,rep4,Frozen,Arthritica,33,,0.0457,0.0218,,0.47702407,0,0,500
Flinders-HCHB,2020,Sep,MM,PP,S,rep4,Frozen,Capitella,4,,0.0011,0.0006,,0.545454545,0,0,500
Flinders-HCHB,2020,Sep,MM,PP,S,rep4,Frozen,Chironomidae,1,,0.0005,0.0004,,0.8,0,0,500
Flinders-HCHB,2020,Sep,MM,PP,S,rep4,Frozen,Hydrobiidae,122,,0.6081,0.3821,,0.6283506,0,0,500
Flinders-HCHB,2020,Sep,MM,PP,S,rep4,Frozen,Mysidacea,1,,0.0035,0.0005,,0.142857143,0,0,500
Flinders-HCHB,2020,Sep,MM,PP,S,rep4,Frozen,Nephtys,1,,0.0892,0.0075,,0.084080717,0,0,500
Flinders-HCHB,2020,Sep,MM,PP,S,rep4,Frozen,Simplisetia,8,,0.0467,0.0035,,0.074946467,0,0,500
Flinders-HCHB,2020,Sep,MM,PP,I,rep4,Frozen,Amphipoda,124,,,,,#DIV/0!,#DIV/0!,#DIV/0!,500
Flinders-HCHB,2020,Sep,MM,PP,I,rep4,Frozen,Arthritica,31,,,,,#DIV/0!,#DIV/0!,#DIV/0!,500
Flinders-HCHB,2020,Sep,MM,PP,I,rep4,Frozen,Capitella,25,,,,,#DIV/0!,#DIV/0!,#DIV/0!,500
Flinders-HCHB,2020,Sep,MM,PP,I,rep4,Frozen,Chironomidae,74,,,,,#DIV/0!,#DIV/0!,#DIV/0!,500
Flinders-HCHB,2020,Sep,MM,PP,I,rep4,Frozen,Hydrobiidae,12,,,,,#DIV/0!,#DIV/0!,#DIV/0!,500
Flinders-HCHB,2020,Sep,MM,PP,I,rep4,Frozen,Simplisetia,70,,,,,#DIV/0!,#DIV/0!,#DIV/0!,500
Flinders-HCHB,2020,Sep,MM,PP,I,rep4,Frozen,Oligochaeta,1,,,,,#DIV/0!,#DIV/0!,#DIV/0!,500
Flinders-HCHB,2020,Sep,MM,PP,I,rep4,Frozen,Salinator,3,,,,,#DIV/0!,#DIV/0!,#DIV/0!,500
Flinders-HCHB,2020,Sep,MM,PP,S,rep5,Frozen,Amphipoda,138,,0.0113,0.0026,,0.230088496,0,0,500
Flinders-HCHB,2020,Sep,MM,PP,S,rep5,Frozen,Arthritica,63,,0.0457,0.0218,,0.47702407,0,0,500
Flinders-HCHB,2020,Sep,MM,PP,S,rep5,Frozen,Capitella,10,,0.0011,0.0006,,0.545454545,0,0,500
Flinders-HCHB,2020,Sep,MM,PP,S,rep5,Frozen,Chironomidae,2,,0.0005,0.0004,,0.8,0,0,500
Flinders-HCHB,2020,Sep,MM,PP,S,rep5,Frozen,Hydrobiidae,90,,0.6081,0.3821,,0.6283506,0,0,500
Flinders-HCHB,2020,Sep,MM,PP,S,rep5,Frozen,Simplisetia,6,,0.0467,0.0035,,0.074946467,0,0,500
Flinders-HCHB,2020,Sep,MM,PP,S,rep5,Frozen,Salinator,2,,,,,#DIV/0!,#DIV/0!,#DIV/0!,500
Flinders-HCHB,2020,Sep,MM,PP,S,rep5,Frozen,Nephtys,3,,0.0892,0.0075,,0.084080717,0,0,500
Flinders-HCHB,2020,Sep,MM,PP,S,rep5,Frozen,Mysidacea,4,,0.0035,0.0005,,0.142857143,0,0,500
Flinders-HCHB,2020,Sep,MM,PP,P,rep5,Frozen,Amphipoda,203,,,,,#DIV/0!,#DIV/0!,#DIV/0!,500
Flinders-HCHB,2020,Sep,MM,PP,P,rep5,Frozen,Arthritica,7,,,,,#DIV/0!,#DIV/0!,#DIV/0!,500
Flinders-HCHB,2020,Sep,MM,PP,P,rep5,Frozen,Capitella,13,,,,,#DIV/0!,#DIV/0!,#DIV/0!,500
Flinders-HCHB,2020,Sep,MM,PP,P,rep5,Frozen,Chironomidae,7,,,,,#DIV/0!,#DIV/0!,#DIV/0!,500
Flinders-HCHB,2020,Sep,MM,PP,P,rep5,Frozen,Hydrobiidae,4,,,,,#DIV/0!,#DIV/0!,#DIV/0!,500
Flinders-HCHB,2020,Sep,MM,PP,P,rep5,Frozen,Simplisetia,7,,,,,#DIV/0!,#DIV/0!,#DIV/0!,500
Flinders-HCHB,2020,Sep,MM,PP,P,rep5,Frozen,Boccardiella,14,,,,,#DIV/0!,#DIV/0!,#DIV/0!,500
Flinders-HCHB,2020,Sep,MM,PP,P,rep5,Frozen,Mysidacea,3,,,,,#DIV/0!,#DIV/0!,#DIV/0!,500
Flinders-HCHB,2020,Sep,NL,LP,I,rep3,Frozen,Amphipoda,2,,0.0009,0.0004,,0.444444444,0,0,500
Flinders-HCHB,2020,Sep,NL,LP,I,rep3,Frozen,Capitella,16,,0.0034,0.0005,,0.147058824,0,0,500
Flinders-HCHB,2020,Sep,NL,LP,I,rep3,Frozen,Chironomidae,2,,0.0003,1E-04,,0.333333333,0,0,500
Flinders-HCHB,2020,Sep,NL,LP,I,rep3,Frozen,Simplisetia,44,,0.0757,0.0069,,0.091149273,0,0,500
Flinders-HCHB,2020,Sep,NL,LP,I,rep4,Frozen,Arthritica,1,,0.0005,0.0001,,0.2,0,0,500
Flinders-HCHB,2020,Sep,NL,LP,I,rep4,Frozen,Capitella,23,,0.0193,0.003,,0.155440415,0,0,500
Flinders-HCHB,2020,Sep,NL,LP,I,rep4,Frozen,Chironomidae,11,,0.0053,0.0014,,0.264150943,0,0,500
Flinders-HCHB,2020,Sep,NL,LP,I,rep4,Frozen,Hydrobiidae,2,,0.0034,0.0017,,0.5,0,0,500
Flinders-HCHB,2020,Sep,NL,LP,I,rep4,Frozen,Simplisetia,56,,0.191,0.0159,,0.083246073,0,0,500
Flinders-HCHB,2020,Sep,NL,LP,P,rep4,Frozen,Amphipoda,129,,0.0476,0.0078,,0.163865546,0,0,500
Flinders-HCHB,2020,Sep,NL,LP,P,rep4,Frozen,Arthritica,145,,0.2041,0.1117,,0.547280745,0,0,500
Flinders-HCHB,2020,Sep,NL,LP,P,rep4,Frozen,Capitella,14,,0.0012,0.0002,,0.166666667,0,0,500
Flinders-HCHB,2020,Sep,NL,LP,P,rep4,Frozen,Hydrobiidae,5,,0.0025,0.0016,,0.64,0,0,500
Flinders-HCHB,2020,Sep,NL,LP,P,rep4,Frozen,Mysidacea,15,,0.0739,0.0129,,0.174560217,0,0,500
Flinders-HCHB,2020,Sep,NL,LP,P,rep4,Frozen,Simplisetia,61,,0.2392,0.0194,,0.081103679,0,0,500
Flinders-HCHB,2020,Sep,NL,LP,P,rep5,Frozen,Amphipoda,84,,0.0228,0.0052,,0.228070175,0,0,500
Flinders-HCHB,2020,Sep,NL,LP,P,rep5,Frozen,Arthritica,49,,0.0939,0.0493,,0.525026624,0,0,500
Flinders-HCHB,2020,Sep,NL,LP,P,rep5,Frozen,Capitella,26,,0.0049,0.0006,,0.12244898,0,0,500
Flinders-HCHB,2020,Sep,NL,LP,P,rep5,Frozen,Hydrobiidae,2,,0.0027,0.0015,,0.555555556,0,0,500
Flinders-HCHB,2020,Sep,NL,LP,P,rep5,Frozen,Mysidacea,25,,0.1661,0.029,,0.174593618,0,0,500
Flinders-HCHB,2020,Sep,NL,LP,P,rep5,Frozen,Simplisetia,65,,0.5014,0.06,,0.119664938,0,0,500
Flinders-HCHB,2020,Sep,NL,LP,S,rep4,Frozen,Amphipoda,70,,0.0333,0.0045,,0.135135135,0,0,500
Flinders-HCHB,2020,Sep,NL,LP,S,rep4,Frozen,Arthritica,84,,0.1607,0.0838,,0.521468575,0,0,500
Flinders-HCHB,2020,Sep,NL,LP,S,rep4,Frozen,Capitella,14,,0.0042,0.0007,,0.166666667,0,0,500
Flinders-HCHB,2020,Sep,NL,LP,S,rep4,Frozen,Mysidacea,9,,0.0607,0.009,,0.148270181,0,0,500
Flinders-HCHB,2020,Sep,NL,LP,S,rep4,Frozen,Simplisetia,135,,0.1324,0.0042,,0.031722054,0,0,500
Flinders-HCHB,2020,Sep,NL,LP,S,rep4,Frozen,Spisula,1,2.2053,0.3419,0.0414,,0.121088037,0,0,500
Flinders-HCHB,2020,Sep,NL,LP,S,rep5,Frozen,Amphipoda,60,,0.0188,0.0042,,0.223404255,0,0,500
Flinders-HCHB,2020,Sep,NL,LP,S,rep5,Frozen,Arthritica,113,,0.23,0.1182,,0.513913043,0,0,500
Flinders-HCHB,2020,Sep,NL,LP,S,rep5,Frozen,Capitella,12,,0.0013,0,,0,#DIV/0!,0,500
Flinders-HCHB,2020,Sep,NL,LP,S,rep5,Frozen,Mysidacea,2,,0.0199,0.0034,,0.170854271,0,0,500
Flinders-HCHB,2020,Sep,NL,LP,S,rep5,Frozen,Simplisetia,74,,0.3949,0.051,,0.129146619,0,0,500
Flinders-HCHB,2020,Sep,NL,LP,I,rep5,Frozen,Capitella,8,,,,,#DIV/0!,#DIV/0!,#DIV/0!,500
Flinders-HCHB,2020,Sep,NL,LP,I,rep5,Frozen,Chironomidae,3,,,,,#DIV/0!,#DIV/0!,#DIV/0!,500
Flinders-HCHB,2020,Sep,NL,LP,I,rep5,Frozen,Simplisetia,27,,,,,#DIV/0!,#DIV/0!,#DIV/0!,500
Flinders-HCHB,2020,Sep,NL,LP,S,rep3,Frozen,Amphipoda,110,,,,,#DIV/0!,#DIV/0!,#DIV/0!,500
Flinders-HCHB,2020,Sep,NL,LP,S,rep3,Frozen,Arthritica,119,,,,,#DIV/0!,#DIV/0!,#DIV/0!,500
Flinders-HCHB,2020,Sep,NL,LP,S,rep3,Frozen,Capitella,6,,,,,#DIV/0!,#DIV/0!,#DIV/0!,500
Flinders-HCHB,2020,Sep,NL,LP,S,rep3,Frozen,Mysidacea,7,,,,,#DIV/0!,#DIV/0!,#DIV/0!,500
Flinders-HCHB,2020,Sep,NL,LP,S,rep3,Frozen,Simplisetia,85,,,,,#DIV/0!,#DIV/0!,#DIV/0!,500
Flinders-HCHB,2020,Sep,NL,LP,S,rep3,Frozen,Hydrobiidae,3,,,,,#DIV/0!,#DIV/0!,#DIV/0!,500
Flinders-HCHB,2020,Sep,NL,LP,P,rep3,Frozen,Amphipoda,150,,,,,#DIV/0!,#DIV/0!,#DIV/0!,500
Flinders-HCHB,2020,Sep,NL,LP,P,rep3,Frozen,Arthritica,205,,,,,#DIV/0!,#DIV/0!,#DIV/0!,500
Flinders-HCHB,2020,Sep,NL,LP,P,rep3,Frozen,Capitella,16,,,,,#DIV/0!,#DIV/0!,#DIV/0!,500
Flinders-HCHB,2020,Sep,NL,LP,P,rep3,Frozen,Simplisetia,51,,,,,#DIV/0!,#DIV/0!,#DIV/0!,500
Flinders-HCHB,2020,Sep,NL,LP,P,rep3,Frozen,Mysidacea,13,,,,,#DIV/0!,#DIV/0!,#DIV/0!,500
Flinders-HCHB,2020,Sep,NL,LP,P,rep3,Frozen,Hydrobiidae,4,,,,,#DIV/0!,#DIV/0!,#DIV/0!,500
Flinders-HCHB,2020,Sep,NL,NM,I,rep4,Frozen,Arthritica,1,,0.0008,0.0007,,0.875,0,0,500
Flinders-HCHB,2020,Sep,NL,NM,I,rep4,Frozen,Capitella,5,,0.0012,0,,0,#DIV/0!,0,500
Flinders-HCHB,2020,Sep,NL,NM,I,rep4,Frozen,Chironomidae,3,,0.0031,0.0006,,0.193548387,0,0,500
Flinders-HCHB,2020,Sep,NL,NM,I,rep5,Frozen,Amphipoda,1,,0,0.0002,,#DIV/0!,0,#DIV/0!,500
Flinders-HCHB,2020,Sep,NL,NM,I,rep5,Frozen,Capitella,2,,0.0002,0.0002,,1,0,0,500
Flinders-HCHB,2020,Sep,NL,NM,I,rep5,Frozen,Chironomidae,3,,0.0036,0.0011,,0.305555556,0,0,500
Flinders-HCHB,2020,Sep,NL,NM,P,rep3,Frozen,Capitella,21,,0.0163,0.0023,,0.141104294,0,0,500
Flinders-HCHB,2020,Sep,NL,NM,P,rep5,Frozen,Capitella,27,,0.0444,0.0051,,0.114864865,0,0,500
Flinders-HCHB,2020,Sep,NL,NM,S,rep3,Frozen,Capitella,20,,0.0242,0.0014,,0.05785124,0,0,500
Flinders-HCHB,2020,Sep,NL,NM,S,rep3,Frozen,Chironomidae,1,,0.0011,0.0005,,0.454545455,0,0,500
Flinders-HCHB,2020,Sep,NL,NM,S,rep4,Frozen,Capitella,6,,0.0029,1E-04,,0.034482759,0,0,500
Flinders-HCHB,2020,Sep,NL,NM,I,rep3,Frozen,Amphipoda,2,,,,,#DIV/0!,#DIV/0!,#DIV/0!,500
Flinders-HCHB,2020,Sep,NL,NM,I,rep3,Frozen,Capitella,5,,,,,#DIV/0!,#DIV/0!,#DIV/0!,500
Flinders-HCHB,2020,Sep,NL,NM,P,rep4,Frozen,Capitella,78,,,,,#DIV/0!,#DIV/0!,#DIV/0!,500
Flinders-HCHB,2020,Sep,NL,NM,S,rep5,Frozen,Amphipoda,1,,,,,#DIV/0!,#DIV/0!,#DIV/0!,500
Flinders-HCHB,2020,Sep,NL,NM,S,rep5,Frozen,Capitella,52,,,,,#DIV/0!,#DIV/0!,#DIV/0!,500
Flinders-HCHB,2020,Sep,NL,NM,S,rep5,Frozen,Chironomidae,8,,,,,#DIV/0!,#DIV/0!,#DIV/0!,500
Flinders-HCHB,2020,Sep,SL,HG,S,rep5,Frozen,Chironomidae,4,,0.0059,0.0012,,0.203389831,0,0,500
Flinders-HCHB,2020,Sep,SL,HG,S,rep6,Frozen,Chironomidae,29,,0.0291,0.0048,,0.164948454,0,0,500
Flinders-HCHB,2020,Sep,SL,HG,S,rep6,Frozen,Ostracoda,3,,0.0008,0.0002,,0.25,0,0,500
Flinders-HCHB,2020,Sep,SL,HG,S,rep3,Frozen,Chironomidae,5,,,,,#DIV/0!,#DIV/0!,#DIV/0!,500
Flinders-HCHB,2020,Sep,SL,HG,S,rep4,Frozen,Chironomidae,8,,,,,#DIV/0!,#DIV/0!,#DIV/0!,500
Flinders-HCHB,2020,Sep,SL,HG,S,rep1,Frozen,Chironomidae,110,,,,,#DIV/0!,#DIV/0!,#DIV/0!,500
Flinders-HCHB,2020,Sep,SL,HG,S,rep1,Frozen,Ostracoda,4,,,,,#DIV/0!,#DIV/0!,#DIV/0!,500
Flinders-HCHB,2020,Sep,SL,HG,S,rep7,Frozen,Chironomidae,6,,0.013,0.0026,,0.2,0,0,500
Flinders-HCHB,2020,Sep,SL,JP,I,rep2,Frozen,Chironomidae,2,,0.0041,0.0009,,0.219512195,0,0,500
Flinders-HCHB,2020,Sep,SL,JP,I,rep4,Frozen,Chironomidae,3,,0.0029,0.0003,,0.103448276,0,0,500
Flinders-HCHB,2020,Sep,SL,JP,I,rep4,Frozen,Stratiomyidae,1,,0,0.0004,,#DIV/0!,0,#DIV/0!,500
Flinders-HCHB,2020,Sep,SL,JP,I,rep7,Frozen,Chironomidae,1,,,,,#DIV/0!,#DIV/0!,#DIV/0!,500
Flinders-HCHB,2020,Sep,SL,JP,S,rep3,Frozen,Chironomidae,6,,0.003,0.0004,,0.133333333,0,0,500
Flinders-HCHB,2020,Sep,SL,JP,S,rep6,Frozen,Chironomidae,4,,0.0022,0.0007,,0.318181818,0,0,500
Flinders-HCHB,2020,Sep,SL,JP,S,rep7,Frozen,Chironomidae,3,,0.0006,0.0002,,0.333333333,0,0,500
Flinders-HCHB,2020,Sep,SL,JP,I,rep1,Frozen,Capitella,3,,,,,#DIV/0!,#DIV/0!,#DIV/0!,500
Flinders-HCHB,2020,Sep,SL,JP,I,rep1,Frozen,Chironomidae,7,,,,,#DIV/0!,#DIV/0!,#DIV/0!,500
Flinders-HCHB,2020,Sep,SL,JP,I,rep1,Frozen,Stratiomyidae,3,,,,,#DIV/0!,#DIV/0!,#DIV/0!,500
Flinders-HCHB,2020,Sep,SL,JP,I,rep3,Frozen,Chironomidae,29,,,,,#DIV/0!,#DIV/0!,#DIV/0!,500
Flinders-HCHB,2020,Sep,SL,JP,I,rep3,Frozen,Stratiomyidae,6,,,,,#DIV/0!,#DIV/0!,#DIV/0!,500
Flinders-HCHB,2020,Sep,SL,JP,S,rep5,Frozen,Chironomidae,26,,,,,#DIV/0!,#DIV/0!,#DIV/0!,500
Flinders-HCHB,2020,Sep,SL,SC,I,rep2,Frozen,Chironomidae,14,,0.0148,0.0031,,0.209459459,0,0,500
Flinders-HCHB,2020,Sep,SL,SC,I,rep6,Frozen,Chironomidae,17,,0.0234,0.0042,,0.179487179,0,0,500
Flinders-HCHB,2020,Sep,SL,SC,I,rep6,Frozen,Dolichopodidae,1,,0.0009,0.0004,,0.444444444,0,0,500
Flinders-HCHB,2020,Sep,SL,SC,I,rep8,Frozen,Chironomidae,33,,0.0481,0.0102,,0.212058212,0,0,500
Flinders-HCHB,2020,Sep,SL,SC,S,rep3,Frozen,Chironomidae,9,,0.0089,0.0015,,0.168539326,0,0,500
Flinders-HCHB,2020,Sep,SL,SC,S,rep5,Frozen,Chironomidae,1,,0.0011,0.0003,,0.272727273,0,0,500
Flinders-HCHB,2020,Sep,SL,SC,S,rep6,Frozen,Chironomidae,1,,0.0014,0.0005,,0.357142857,0,0,500
Flinders-HCHB,2020,Sep,SL,SC,I,rep1,Frozen,Chironomidae,18,,,,,#DIV/0!,#DIV/0!,#DIV/0!,500
Flinders-HCHB,2020,Sep,SL,SC,I,rep5,Frozen,Chironomidae,13,,,,,#DIV/0!,#DIV/0!,#DIV/0!,500
Flinders-HCHB,2020,Sep,SL,SC,S,rep4,Frozen,Chironomidae,30,,,,,#DIV/0!,#DIV/0!,#DIV/0!,500
Flinders-HCHB,2020,Dec,MM,B19,I,rep3,Frozen,Amphipoda,29,,0.0053,0.0005,,0.094339623,0,0,500
Flinders-HCHB,2020,Dec,MM,B19,I,rep3,Frozen,Arthritica,8,,0.0067,0.0017,,0.253731343,0,0,500
Flinders-HCHB,2020,Dec,MM,B19,I,rep3,Frozen,Simplisetia,77,,0.386,0.0217,,0.056217617,0,0,500
Flinders-HCHB,2020,Dec,MM,B19,I,rep3,Frozen,Chironomidae,68,,0.0316,0.009,,0.284810127,0,0,500
Flinders-HCHB,2020,Dec,MM,B19,I,rep3,Frozen,Hydrobiidae,4,,0.0325,0.0195,,0.6,0,0,500
Flinders-HCHB,2020,Dec,MM,B19,I,rep3,Frozen,Boccardiella,13,,0.0131,0.0013,,0.099236641,0,0,500
Flinders-HCHB,2020,Dec,MM,B19,I,rep4,Frozen,Amphipoda,94,,0.0224,0.0006,,0.026785714,0,0,500
Flinders-HCHB,2020,Dec,MM,B19,I,rep4,Frozen,Arthritica,34,,0.0483,0.0214,,0.443064182,0,0,500
Flinders-HCHB,2020,Dec,MM,B19,I,rep4,Frozen,Capitella,1,,0.0012,0,,0,#DIV/0!,0,500
Flinders-HCHB,2020,Dec,MM,B19,I,rep4,Frozen,Simplisetia,72,,0.6458,0.0394,,0.0610096,0,0,500
Flinders-HCHB,2020,Dec,MM,B19,I,rep4,Frozen,Chironomidae,48,,0.0247,0.0058,,0.234817814,0,0,500
Flinders-HCHB,2020,Dec,MM,B19,I,rep4,Frozen,Hydrobiidae,8,,0.079,0.0463,,0.586075949,0,0,500
Flinders-HCHB,2020,Dec,MM,B19,I,rep4,Frozen,Boccardiella,14,,0.0165,0.0022,,0.133333333,0,0,500
Flinders-HCHB,2020,Dec,MM,B19,S,rep3,Frozen,Amphipoda,1,,0.0005,0.0004,,0.8,0,0,500
Flinders-HCHB,2020,Dec,MM,B19,S,rep3,Frozen,Chironomidae,6,,0.0028,0,,0,#DIV/0!,0,500
Flinders-HCHB,2020,Dec,MM,B19,S,rep3,Frozen,Hydrobiidae,90,,0.907,0.4296,,0.473649394,0,0,500
Flinders-HCHB,2020,Dec,MM,B19,S,rep3,Frozen,Salinator,22,,0.0023,0.0024,,1.043478261,0,0,500
Flinders-HCHB,2020,Dec,MM,B19,S,rep3,Frozen,Amarinus laevis,3,,1.9388,0.6026,,0.310810811,0,0,500
Flinders-HCHB,2020,Dec,MM,B19,P,rep3,Frozen,Amphipoda,12,,0.0015,0.0001,,0.066666667,0,0,500
Flinders-HCHB,2020,Dec,MM,B19,P,rep3,Frozen,Arthritica,1,,0.0043,0.0006,,0.139534884,0,0,500
Flinders-HCHB,2020,Dec,MM,B19,P,rep3,Frozen,Simplisetia,80,,0.9192,0.0933,,0.101501305,0,0,500
Flinders-HCHB,2020,Dec,MM,B19,P,rep3,Frozen,Chironomidae,262,,0.0987,0.0187,,0.189463019,0,0,500
Flinders-HCHB,2020,Dec,MM,B19,P,rep3,Frozen,Hydrobiidae,144,,0.2888,0.1536,,0.531855956,0,0,500
Flinders-HCHB,2020,Dec,MM,B19,P,rep3,Frozen,Nephtys,1,,0.1297,0.0112,,0.086353123,0,0,500
Flinders-HCHB,2020,Dec,MM,B19,P,rep4,Frozen,Amphipoda,45,,0.0098,0.0008,,0.081632653,0,0,500
Flinders-HCHB,2020,Dec,MM,B19,P,rep4,Frozen,Arthritica,30,,0.0501,0.0252,,0.502994012,0,0,500
Flinders-HCHB,2020,Dec,MM,B19,P,rep4,Frozen,Capitella,1,,0.0008,0,,0,#DIV/0!,0,500
Flinders-HCHB,2020,Dec,MM,B19,P,rep4,Frozen,Simplisetia,83,,0.9995,0.0672,,0.067233617,0,0,500
Flinders-HCHB,2020,Dec,MM,B19,P,rep4,Frozen,Chironomidae,320,,0.0773,0.0167,,0.216041397,0,0,500
Flinders-HCHB,2020,Dec,MM,B19,P,rep4,Frozen,Hydrobiidae,86,,0.3571,0.2034,,0.569588351,0,0,500
Flinders-HCHB,2020,Dec,MM,B19,P,rep4,Frozen,Salinator,3,,0.3965,0.1446,,0.364691047,0,0,500
Flinders-HCHB,2020,Dec,MM,PP,I,rep3,Frozen,Amphipoda,35,,0.0082,0,,0,#DIV/0!,0,500
Flinders-HCHB,2020,Dec,MM,PP,I,rep3,Frozen,Arthritica,12,,0.0118,0.0075,,0.63559322,0,0,500
Flinders-HCHB,2020,Dec,MM,PP,I,rep3,Frozen,Simplisetia,68,,1.2462,0.0792,,0.063553202,0,0,500
Flinders-HCHB,2020,Dec,MM,PP,I,rep3,Frozen,Chironomidae,53,,0.0093,0.0025,,0.268817204,0,0,500
Flinders-HCHB,2020,Dec,MM,PP,I,rep3,Frozen,Hydrobiidae,34,,0.044,0.0209,,0.475,0,0,500
Flinders-HCHB,2020,Dec,MM,PP,I,rep3,Frozen,Salinator,7,,0.0072,0,,0,#DIV/0!,0,500
Flinders-HCHB,2020,Dec,MM,PP,I,rep4,Frozen,Amphipoda,27,,0.009,0.0018,,0.2,0,0,500
Flinders-HCHB,2020,Dec,MM,PP,I,rep4,Frozen,Arthritica,11,,0.0107,0.0056,,0.523364486,0,0,500
Flinders-HCHB,2020,Dec,MM,PP,I,rep4,Frozen,Simplisetia,56,,0.9706,0.0584,,0.060168968,0,0,500
Flinders-HCHB,2020,Dec,MM,PP,I,rep4,Frozen,Chironomidae,38,,0.0117,0.0035,,0.299145299,0,0,500
Flinders-HCHB,2020,Dec,MM,PP,I,rep4,Frozen,Hydrobiidae,50,,0.066,0.0299,,0.453030303,0,0,500
Flinders-HCHB,2020,Dec,MM,PP,I,rep4,Frozen,Salinator,8,,0.0012,0.0005,,0.416666667,0,0,500
Flinders-HCHB,2020,Dec,MM,PP,S,rep3,Frozen,Amphipoda,34,,0.0111,0.0017,,0.153153153,0,0,500
Flinders-HCHB,2020,Dec,MM,PP,S,rep3,Frozen,Arthritica,19,,0.0226,0.0103,,0.455752212,0,0,500
Flinders-HCHB,2020,Dec,MM,PP,S,rep3,Frozen,Capitella,15,,0.0205,0.0008,,0.03902439,0,0,500
Flinders-HCHB,2020,Dec,MM,PP,S,rep3,Frozen,Simplisetia,6,,0.1282,0.0095,,0.074102964,0,0,500
Flinders-HCHB,2020,Dec,MM,PP,S,rep3,Frozen,Hydrobiidae,23,,0.2075,0.1248,,0.601445783,0,0,500
Flinders-HCHB,2020,Dec,MM,PP,S,rep3,Frozen,Nephtys,2,,0.1618,0.0097,,0.059950556,0,0,500
Flinders-HCHB,2020,Dec,MM,PP,S,rep3,Frozen,Mysidacea,2,,0.0145,0,,0,#DIV/0!,0,500
Flinders-HCHB,2020,Dec,MM,PP,S,rep4,Frozen,Amphipoda,29,,0.0066,0,,0,#DIV/0!,0,500
Flinders-HCHB,2020,Dec,MM,PP,S,rep4,Frozen,Arthritica,34,,0.051,0.0227,,0.445098039,0,0,500
Flinders-HCHB,2020,Dec,MM,PP,S,rep4,Frozen,Capitella,25,,0.0155,0.0002,,0.012903226,0,0,500
Flinders-HCHB,2020,Dec,MM,PP,S,rep4,Frozen,Simplisetia,2,,0.1053,0.0063,,0.05982906,0,0,500
Flinders-HCHB,2020,Dec,MM,PP,S,rep4,Frozen,Hydrobiidae,16,,0.1654,0.1086,,0.656590085,0,0,500
Flinders-HCHB,2020,Dec,MM,PP,S,rep4,Frozen,Nephtys,3,,0.2677,0.0221,,0.082555099,0,0,500
Flinders-HCHB,2020,Dec,MM,PP,S,rep4,Frozen,Arenicolidae,1,,0.3709,0.0427,,0.115125371,0,0,500
Flinders-HCHB,2020,Dec,MM,PP,P,rep3,Frozen,Amphipoda,123,,0.0472,0.0056,,0.118644068,0,0,500
Flinders-HCHB,2020,Dec,MM,PP,P,rep3,Frozen,Arthritica,65,,0.1053,0.0478,,0.453941121,0,0,500
Flinders-HCHB,2020,Dec,MM,PP,P,rep3,Frozen,Capitella,11,,0.0074,0.0008,,0.108108108,0,0,500
Flinders-HCHB,2020,Dec,MM,PP,P,rep3,Frozen,Chironomidae,37,,0.0148,0.0033,,0.222972973,0,0,500
Flinders-HCHB,2020,Dec,MM,PP,P,rep3,Frozen,Hydrobiidae,231,,1.1439,0.7069,,0.617973599,0,0,500
Flinders-HCHB,2020,Dec,MM,PP,P,rep3,Frozen,Salinator,9,,0.7639,0.2498,,0.327006153,0,0,500
Flinders-HCHB,2020,Dec,MM,PP,P,rep3,Frozen,Nephtys,1,,0.0296,0,,0,#DIV/0!,0,500
Flinders-HCHB,2020,Dec,MM,PP,P,rep3,Frozen,Mysidacea,3,,0.0533,0.0088,,0.165103189,0,0,500
Flinders-HCHB,2020,Dec,MM,PP,P,rep4,Frozen,Amphipoda,200,,0.0656,0.0078,,0.118902439,0,0,500
Flinders-HCHB,2020,Dec,MM,PP,P,rep4,Frozen,Arthritica,102,,0.1213,0.0581,,0.478977741,0,0,500
Flinders-HCHB,2020,Dec,MM,PP,P,rep4,Frozen,Simplisetia,2,,0.0344,0.0015,,0.043604651,0,0,500
Flinders-HCHB,2020,Dec,MM,PP,P,rep4,Frozen,Chironomidae,11,,0.0025,0.0003,,0.12,0,0,500
Flinders-HCHB,2020,Dec,MM,PP,P,rep4,Frozen,Hydrobiidae,94,,0.8326,0.5277,,0.633797742,0,0,500
Flinders-HCHB,2020,Dec,MM,PP,P,rep4,Frozen,Salinator,1,,0.0013,0.0003,,0.230769231,0,0,500
Flinders-HCHB,2020,Dec,MM,PP,P,rep4,Frozen,Nephtys,12,,0.5897,0.0399,,0.067661523,0,0,500
Flinders-HCHB,2020,Dec,MM,PP,P,rep4,Frozen,Spisula,1,0.2866,0.0351,0.0068,,0.193732194,0,0,500
Flinders-HCHB,2020,Dec,MM,PP,P,rep4,Frozen,Mysidacea,6,,0.0384,0.0032,,0.083333333,0,0,500
Flinders-HCHB,2020,Dec,MM,PP,P,rep4,Frozen,Tellina deltoidalis,1,0.1805,0.0714,0.0201,,0.281512605,0,0,500
Flinders-HCHB,2020,Dec,MM,PP,P,rep4,Frozen,Arenicolidae,1,,0.2016,0.0051,,0.025297619,0,0,500
Flinders-HCHB,2020,Dec,NL,LP,I,rep3,Frozen,Arthritica,10,,0.0163,0.0093,,0.570552147,0,0,500
Flinders-HCHB,2020,Dec,NL,LP,I,rep3,Frozen,Capitella,8,,0.0051,0.0006,,0.117647059,0,0,500
Flinders-HCHB,2020,Dec,NL,LP,I,rep3,Frozen,Simplisetia,17,,0.1822,0.0143,,0.078485181,0,0,500
Flinders-HCHB,2020,Dec,NL,LP,I,rep4,Frozen,Arthritica,10,,0.0259,0.0151,,0.583011583,0,0,500
Flinders-HCHB,2020,Dec,NL,LP,I,rep4,Frozen,Capitella,2,,0.0031,0.0002,,0.064516129,0,0,500
Flinders-HCHB,2020,Dec,NL,LP,I,rep4,Frozen,Simplisetia,19,,0.2708,0.0302,,0.111521418,0,0,500
Flinders-HCHB,2020,Dec,NL,LP,I,rep4,Frozen,Chironomidae,4,,0.0017,0.0009,,0.529411765,0,0,500
Flinders-HCHB,2020,Dec,NL,LP,S,rep3,Frozen,Amphipoda,19,,0.0057,0.0045,,0.789473684,0,0,500
Flinders-HCHB,2020,Dec,NL,LP,S,rep3,Frozen,Arthritica,52,,0.0593,0.0277,,0.467116358,0,0,500
Flinders-HCHB,2020,Dec,NL,LP,S,rep3,Frozen,Capitella,1,,0.0026,0.002,,0.769230769,0,0,500
Flinders-HCHB,2020,Dec,NL,LP,S,rep3,Frozen,Simplisetia,37,,0.2222,0.012,,0.054005401,0,0,500
Flinders-HCHB,2020,Dec,NL,LP,S,rep3,Frozen,Spisula,19,41.8125,6.2562,0.7866,,0.125731275,0,0,500
Flinders-HCHB,2020,Dec,NL,LP,S,rep3,Frozen,Mysidacea,1,,0.0004,0.0015,,3.75,0,0,500
Flinders-HCHB,2020,Dec,NL,LP,S,rep3,Frozen,Phyllodoce,1,,0.0013,0,,0,#DIV/0!,0,500
Flinders-HCHB,2020,Dec,NL,LP,S,rep4,Frozen,Amphipoda,36,,0.0237,0.0044,,0.185654008,0,0,500
Flinders-HCHB,2020,Dec,NL,LP,S,rep4,Frozen,Arthritica,27,,0.0547,0.0364,,0.665447898,0,0,500
Flinders-HCHB,2020,Dec,NL,LP,S,rep4,Frozen,Capitella,12,,0.0047,0.0003,,0.063829787,0,0,500
Flinders-HCHB,2020,Dec,NL,LP,S,rep4,Frozen,Simplisetia,28,,0.2632,0.0231,,0.087765957,0,0,500
Flinders-HCHB,2020,Dec,NL,LP,S,rep4,Frozen,Spisula,9,15.7663,2.9886,0.4079,,0.136485311,0,0,500
Flinders-HCHB,2020,Dec,NL,LP,S,rep4,Frozen,Mysidacea,3,,0.0127,0.0023,,0.181102362,0,0,500
Flinders-HCHB,2020,Dec,NL,LP,P,rep3,Frozen,Amphipoda,58,,0.0219,0.0033,,0.150684932,0,0,500
Flinders-HCHB,2020,Dec,NL,LP,P,rep3,Frozen,Arthritica,52,,0.1176,0.0536,,0.455782313,0,0,500
Flinders-HCHB,2020,Dec,NL,LP,P,rep3,Frozen,Capitella,7,,0.0025,0.0005,,0.2,0,0,500
Flinders-HCHB,2020,Dec,NL,LP,P,rep3,Frozen,Simplisetia,28,,0.145,0.0095,,0.065517241,0,0,500
Flinders-HCHB,2020,Dec,NL,LP,P,rep3,Frozen,Hydrobiidae,2,,0.0018,0.0012,,0.666666667,0,0,500
Flinders-HCHB,2020,Dec,NL,LP,P,rep3,Frozen,Mysidacea,4,,0.0374,0.0045,,0.120320856,0,0,500
Flinders-HCHB,2020,Dec,NL,LP,P,rep4,Frozen,Amphipoda,69,,0.0205,0.0032,,0.156097561,0,0,500
Flinders-HCHB,2020,Dec,NL,LP,P,rep4,Frozen,Arthritica,130,,0.2643,0.1368,,0.517593644,0,0,500
Flinders-HCHB,2020,Dec,NL,LP,P,rep4,Frozen,Capitella,8,,0.0071,0.0009,,0.126760563,0,0,500
Flinders-HCHB,2020,Dec,NL,LP,P,rep4,Frozen,Simplisetia,47,,0.3407,0.0252,,0.073965365,0,0,500
Flinders-HCHB,2020,Dec,NL,LP,P,rep4,Frozen,Mysidacea,1,,0.0089,0.0022,,0.247191011,0,0,500
Flinders-HCHB,2020,Dec,NL,NM,I,rep3,Frozen,Capitella,3,,0.0026,0,,0,#DIV/0!,0,500
Flinders-HCHB,2020,Dec,NL,NM,I,rep3,Frozen,Dolichopodidae,1,,0.0012,0.0005,,0.416666667,0,0,500
Flinders-HCHB,2020,Dec,NL,NM,I,rep4,Frozen,Simplisetia,5,,0.0096,0,,0,#DIV/0!,0,500
Flinders-HCHB,2020,Dec,NL,NM,I,rep4,Frozen,Dolichopodidae,1,,0.0013,0.0002,,0.153846154,0,0,500
Flinders-HCHB,2020,Dec,NL,NM,S,rep3,Frozen,Capitella,33,,0.0175,0.0014,,0.08,0,0,500
Flinders-HCHB,2020,Dec,NL,NM,S,rep3,Frozen,Chironomidae,1,,0.0054,0.0019,,0.351851852,0,0,500
Flinders-HCHB,2020,Dec,NL,NM,S,rep4,Frozen,Capitella,68,,0.0537,0,,0,#DIV/0!,0,500
Flinders-HCHB,2020,Dec,NL,NM,S,rep4,Frozen,Chironomidae,3,,0.0024,0.0008,,0.333333333,0,0,500
Flinders-HCHB,2020,Dec,NL,NM,P,rep4,Frozen,Chironomidae,1,,0.0029,0.0022,,0.75862069,0,0,500
Flinders-HCHB,2020,Dec,SL,HG,I,rep4,Frozen,Chironomidae,10,,0.0039,0,,0,#DIV/0!,0,500
Flinders-HCHB,2020,Dec,SL,HG,I,rep5,Frozen,Chironomidae,3,,0,0,,#DIV/0!,#DIV/0!,#DIV/0!,500
Flinders-HCHB,2020,Dec,SL,HG,I,rep6,Frozen,Chironomidae,18,,0.0055,0,,0,#DIV/0!,0,500
Flinders-HCHB,2020,Dec,SL,HG,I,rep6,Frozen,Dolichopodidae,1,,0.0029,0,,0,#DIV/0!,0,500
Flinders-HCHB,2020,Dec,SL,HG,S,rep4,Frozen,Chironomidae,69,,0.0473,0,,0,#DIV/0!,0,500
Flinders-HCHB,2020,Dec,SL,HG,S,rep5,Frozen,Chironomidae,59,,,,,#DIV/0!,#DIV/0!,#DIV/0!,500
Flinders-HCHB,2020,Dec,SL,HG,S,rep6,Frozen,Chironomidae,123,,0.1065,0.0151,,0.141784038,0,0,500
Flinders-HCHB,2020,Dec,SL,HG,S,rep6,Frozen,Coxiella,1,,,,,#DIV/0!,#DIV/0!,#DIV/0!,500
Flinders-HCHB,2020,Dec,SL,JP,I,rep4,Frozen,Stratiomyidae,1,,0.0006,0,,0,#DIV/0!,0,500
Flinders-HCHB,2020,Dec,SL,JP,I,rep5,Frozen,Stratiomyidae,1,,0.0108,0.003,,0.277777778,0,0,500
Flinders-HCHB,2020,Dec,SL,JP,I,rep6,Frozen,Dolichopodidae,1,,1E-04,0.0003,,3,0,0,500
Flinders-HCHB,2020,Dec,SL,JP,S,rep4,Frozen,Chironomidae,12,,0.0018,0,,0,#DIV/0!,0,500
Flinders-HCHB,2020,Dec,SL,JP,S,rep5,Frozen,Chironomidae,4,,0.002,0.0007,,0.35,0,0,500
Flinders-HCHB,2020,Dec,SL,JP,S,rep6,Frozen,Chironomidae,26,,0.0045,0.0012,,0.266666667,0,0,500
Flinders-HCHB,2020,Dec,SL,SC,I,rep4,Frozen,Chironomidae,7,,0,1E-04,,#DIV/0!,0,#DIV/0!,500
Flinders-HCHB,2020,Dec,SL,SC,I,rep5,Frozen,Chironomidae,15,,0.0042,0,,0,#DIV/0!,0,500
Flinders-HCHB,2020,Dec,SL,SC,I,rep6,Frozen,Chironomidae,3,,0.0051,0.0013,,0.254901961,0,0,500
Flinders-HCHB,2020,Dec,SL,SC,S,rep4,Frozen,Chironomidae,2,,0.0002,0.0012,,6,0,0,500
Flinders-HCHB,2020,Dec,SL,SC,S,rep5,Frozen,Chironomidae,51,,0.0076,0.0022,,0.289473684,0,0,500
Flinders-HCHB,2020,Dec,SL,SC,S,rep6,Frozen,Chironomidae,15,,0.0023,0,,0,#DIV/0!,0,500
Flinders-HCHB,2020,Dec,MM,B19,I,rep5,Frozen,Amphipoda,103,,,,,#DIV/0!,#DIV/0!,#DIV/0!,500
Flinders-HCHB,2020,Dec,MM,B19,I,rep5,Frozen,Arthritica,43,,,,,#DIV/0!,#DIV/0!,#DIV/0!,500
Flinders-HCHB,2020,Dec,MM,B19,I,rep5,Frozen,Simplisetia,112,,,,,#DIV/0!,#DIV/0!,#DIV/0!,500
Flinders-HCHB,2020,Dec,MM,B19,I,rep5,Frozen,Chironomidae,72,,,,,#DIV/0!,#DIV/0!,#DIV/0!,500
Flinders-HCHB,2020,Dec,MM,B19,I,rep5,Frozen,Hydrobiidae,5,,,,,#DIV/0!,#DIV/0!,#DIV/0!,500
Flinders-HCHB,2020,Dec,MM,B19,I,rep5,Frozen,Boccardiella,6,,,,,#DIV/0!,#DIV/0!,#DIV/0!,500
Flinders-HCHB,2020,Dec,MM,B19,S,rep5,Frozen,Amphipoda,2,,,,,#DIV/0!,#DIV/0!,#DIV/0!,500
Flinders-HCHB,2020,Dec,MM,B19,S,rep5,Frozen,Arthritica,1,,,,,#DIV/0!,#DIV/0!,#DIV/0!,500
Flinders-HCHB,2020,Dec,MM,B19,S,rep5,Frozen,Simplisetia,2,,,,,#DIV/0!,#DIV/0!,#DIV/0!,500
Flinders-HCHB,2020,Dec,MM,B19,S,rep5,Frozen,Hydrobiidae,5,,,,,#DIV/0!,#DIV/0!,#DIV/0!,500
Flinders-HCHB,2020,Dec,MM,B19,S,rep5,Frozen,Nephtys,2,,,,,#DIV/0!,#DIV/0!,#DIV/0!,500
Flinders-HCHB,2020,Dec,MM,B19,P,rep5,Frozen,Amphipoda,91,,,,,#DIV/0!,#DIV/0!,#DIV/0!,500
Flinders-HCHB,2020,Dec,MM,B19,P,rep5,Frozen,Arthritica,42,,,,,#DIV/0!,#DIV/0!,#DIV/0!,500
Flinders-HCHB,2020,Dec,MM,B19,P,rep5,Frozen,Simplisetia,60,,,,,#DIV/0!,#DIV/0!,#DIV/0!,500
Flinders-HCHB,2020,Dec,MM,B19,P,rep5,Frozen,Chironomidae,126,,,,,#DIV/0!,#DIV/0!,#DIV/0!,500
Flinders-HCHB,2020,Dec,MM,B19,P,rep5,Frozen,Hydrobiidae,44,,,,,#DIV/0!,#DIV/0!,#DIV/0!,500
Flinders-HCHB,2020,Dec,MM,PP,I,rep5,Frozen,Amphipoda,14,,,,,#DIV/0!,#DIV/0!,#DIV/0!,500
Flinders-HCHB,2020,Dec,MM,PP,I,rep5,Frozen,Arthritica,7,,,,,#DIV/0!,#DIV/0!,#DIV/0!,500
Flinders-HCHB,2020,Dec,MM,PP,I,rep5,Frozen,Capitella,5,,,,,#DIV/0!,#DIV/0!,#DIV/0!,500
Flinders-HCHB,2020,Dec,MM,PP,I,rep5,Frozen,Simplisetia,77,,,,,#DIV/0!,#DIV/0!,#DIV/0!,500
Flinders-HCHB,2020,Dec,MM,PP,I,rep5,Frozen,Chironomidae,51,,,,,#DIV/0!,#DIV/0!,#DIV/0!,500
Flinders-HCHB,2020,Dec,MM,PP,I,rep5,Frozen,Hydrobiidae,9,,,,,#DIV/0!,#DIV/0!,#DIV/0!,500
Flinders-HCHB,2020,Dec,MM,PP,S,rep5,Frozen,Amphipoda,3,,,,,#DIV/0!,#DIV/0!,#DIV/0!,500
Flinders-HCHB,2020,Dec,MM,PP,S,rep5,Frozen,Arthritica,23,,,,,#DIV/0!,#DIV/0!,#DIV/0!,500
Flinders-HCHB,2020,Dec,MM,PP,S,rep5,Frozen,Capitella,6,,,,,#DIV/0!,#DIV/0!,#DIV/0!,500
Flinders-HCHB,2020,Dec,MM,PP,S,rep5,Frozen,Simplisetia,1,,,,,#DIV/0!,#DIV/0!,#DIV/0!,500
Flinders-HCHB,2020,Dec,MM,PP,S,rep5,Frozen,Hydrobiidae,13,,,,,#DIV/0!,#DIV/0!,#DIV/0!,500
Flinders-HCHB,2020,Dec,MM,PP,S,rep5,Frozen,Nephtys,4,,,,,#DIV/0!,#DIV/0!,#DIV/0!,500
Flinders-HCHB,2020,Dec,MM,PP,S,rep5,Frozen,Mysidacea,1,,,,,#DIV/0!,#DIV/0!,#DIV/0!,500
Flinders-HCHB,2020,Dec,MM,PP,P,rep5,Frozen,Amphipoda,91,,,,,#DIV/0!,#DIV/0!,#DIV/0!,500
Flinders-HCHB,2020,Dec,MM,PP,P,rep5,Frozen,Arthritica,51,,,,,#DIV/0!,#DIV/0!,#DIV/0!,500
Flinders-HCHB,2020,Dec,MM,PP,P,rep5,Frozen,Capitella,154,,,,,#DIV/0!,#DIV/0!,#DIV/0!,500
Flinders-HCHB,2020,Dec,MM,PP,P,rep5,Frozen,Simplisetia,3,,,,,#DIV/0!,#DIV/0!,#DIV/0!,500
Flinders-HCHB,2020,Dec,MM,PP,P,rep5,Frozen,Chironomidae,7,,,,,#DIV/0!,#DIV/0!,#DIV/0!,500
Flinders-HCHB,2020,Dec,MM,PP,P,rep5,Frozen,Hydrobiidae,12,,,,,#DIV/0!,#DIV/0!,#DIV/0!,500
Flinders-HCHB,2020,Dec,MM,PP,P,rep5,Frozen,Nephtys,2,,,,,#DIV/0!,#DIV/0!,#DIV/0!,500
Flinders-HCHB,2020,Dec,MM,PP,P,rep5,Frozen,Spisula,1,,,,,#DIV/0!,#DIV/0!,#DIV/0!,500
Flinders-HCHB,2020,Dec,MM,PP,P,rep5,Frozen,Mysidacea,11,,,,,#DIV/0!,#DIV/0!,#DIV/0!,500
Flinders-HCHB,2020,Dec,NL,LP,I,rep5,Frozen,Amphipoda,1,,,,,#DIV/0!,#DIV/0!,#DIV/0!,500
Flinders-HCHB,2020,Dec,NL,LP,I,rep5,Frozen,Arthritica,1,,,,,#DIV/0!,#DIV/0!,#DIV/0!,500
Flinders-HCHB,2020,Dec,NL,LP,I,rep5,Frozen,Capitella,6,,,,,#DIV/0!,#DIV/0!,#DIV/0!,500
Flinders-HCHB,2020,Dec,NL,LP,I,rep5,Frozen,Simplisetia,7,,,,,#DIV/0!,#DIV/0!,#DIV/0!,500
Flinders-HCHB,2020,Dec,NL,LP,I,rep5,Frozen,Chironomidae,1,,,,,#DIV/0!,#DIV/0!,#DIV/0!,500
Flinders-HCHB,2020,Dec,NL,LP,S,rep5,Frozen,Amphipoda,32,,,,,#DIV/0!,#DIV/0!,#DIV/0!,500
Flinders-HCHB,2020,Dec,NL,LP,S,rep5,Frozen,Arthritica,17,,,,,#DIV/0!,#DIV/0!,#DIV/0!,500
Flinders-HCHB,2020,Dec,NL,LP,S,rep5,Frozen,Capitella,26,,,,,#DIV/0!,#DIV/0!,#DIV/0!,500
Flinders-HCHB,2020,Dec,NL,LP,S,rep5,Frozen,Simplisetia,27,,,,,#DIV/0!,#DIV/0!,#DIV/0!,500
Flinders-HCHB,2020,Dec,NL,LP,S,rep5,Frozen,Spisula,10,,,,,#DIV/0!,#DIV/0!,#DIV/0!,500
Flinders-HCHB,2020,Dec,NL,LP,P,rep5,Frozen,Amphipoda,12,,,,,#DIV/0!,#DIV/0!,#DIV/0!,500
Flinders-HCHB,2020,Dec,NL,LP,P,rep5,Frozen,Arthritica,28,,,,,#DIV/0!,#DIV/0!,#DIV/0!,500
Flinders-HCHB,2020,Dec,NL,LP,P,rep5,Frozen,Capitella,12,,,,,#DIV/0!,#DIV/0!,#DIV/0!,500
Flinders-HCHB,2020,Dec,NL,LP,P,rep5,Frozen,Simplisetia,59,,,,,#DIV/0!,#DIV/0!,#DIV/0!,500
Flinders-HCHB,2020,Dec,NL,LP,P,rep5,Frozen,Hydrobiidae,4,,,,,#DIV/0!,#DIV/0!,#DIV/0!,500
Flinders-HCHB,2020,Dec,NL,LP,P,rep5,Frozen,Mysidacea,4,,,,,#DIV/0!,#DIV/0!,#DIV/0!,500
Flinders-HCHB,2020,Dec,NL,NM,I,rep5,Frozen,Capitella,8,,,,,#DIV/0!,#DIV/0!,#DIV/0!,500
Flinders-HCHB,2020,Dec,NL,NM,I,rep5,Frozen,Dolichopodidae,4,,,,,#DIV/0!,#DIV/0!,#DIV/0!,500
Flinders-HCHB,2020,Dec,NL,NM,S,rep5,Frozen,Capitella,1210,,,,,#DIV/0!,#DIV/0!,#DIV/0!,500
Flinders-HCHB,2020,Dec,NL,NM,S,rep5,Frozen,Chironomidae,1,,,,,#DIV/0!,#DIV/0!,#DIV/0!,500
Flinders-HCHB,2020,Dec,NL,NM,S,rep5,Frozen,Salinator,1,,,,,#DIV/0!,#DIV/0!,#DIV/0!,500
Flinders-HCHB,2020,Dec,NL,NM,P,rep5,Frozen,Capitella,1,,,,,#DIV/0!,#DIV/0!,#DIV/0!,500
Flinders-HCHB,2020,Dec,NL,NM,P,rep5,Frozen,Chironomidae,1,,,,,#DIV/0!,#DIV/0!,#DIV/0!,500
Flinders-HCHB,2020,Dec,SL,HG,I,rep7,Frozen,Chironomidae,8,,,,,#DIV/0!,#DIV/0!,#DIV/0!,500
Flinders-HCHB,2020,Dec,SL,HG,I,rep8,Frozen,Chironomidae,7,,,,,#DIV/0!,#DIV/0!,#DIV/0!,500
Flinders-HCHB,2020,Dec,SL,HG,S,rep7,Frozen,Chironomidae,20,,,,,#DIV/0!,#DIV/0!,#DIV/0!,500
Flinders-HCHB,2020,Dec,SL,HG,S,rep8,Frozen,Chironomidae,86,,,,,#DIV/0!,#DIV/0!,#DIV/0!,500
Flinders-HCHB,2020,Dec,SL,JP,I,rep7,Frozen,Stratiomyidae,1,,,,,#DIV/0!,#DIV/0!,#DIV/0!,500
Flinders-HCHB,2020,Dec,SL,JP,I,rep8,Frozen,Ceratopogonidae,4,,,,,#DIV/0!,#DIV/0!,#DIV/0!,500
Flinders-HCHB,2020,Dec,SL,JP,S,rep7,Frozen,Chironomidae,18,,,,,#DIV/0!,#DIV/0!,#DIV/0!,500
Flinders-HCHB,2020,Dec,SL,JP,S,rep8,Frozen,Chironomidae,33,,,,,#DIV/0!,#DIV/0!,#DIV/0!,500
Flinders-HCHB,2020,Dec,SL,SC,I,rep7,Frozen,Chironomidae,2,,,,,#DIV/0!,#DIV/0!,#DIV/0!,500
Flinders-HCHB,2020,Dec,SL,SC,I,rep8,Frozen,Chironomidae,1,,,,,#DIV/0!,#DIV/0!,#DIV/0!,500
Flinders-HCHB,2020,Dec,SL,SC,S,rep7,Frozen,Chironomidae,7,,,,,#DIV/0!,#DIV/0!,#DIV/0!,500
Flinders-HCHB,2020,Dec,SL,SC,S,rep8,Frozen,Chironomidae,45,,,,,#DIV/0!,#DIV/0!,#DIV/0!,500
Flinders-HCHB,2021,Mar (week 1),MM,B19,I,rep3,Frozen,Amphipoda,43,,0.0127,0.0017,,0.133858268,0,0,500
Flinders-HCHB,2021,Mar (week 1),MM,B19,I,rep3,Frozen,Arthritica,13,,0.0134,0.0064,,0.47761194,0,0,500
Flinders-HCHB,2021,Mar (week 1),MM,B19,I,rep3,Frozen,Simplisetia,35,,0.4342,0.0397,,0.09143252,0,0,500
Flinders-HCHB,2021,Mar (week 1),MM,B19,I,rep3,Frozen,Chironomidae,218,,0.0742,0.0099,,0.133423181,0,0,500
Flinders-HCHB,2021,Mar (week 1),MM,B19,I,rep3,Frozen,Hydrobiidae,29,,0.1467,0.0821,,0.559645535,0,0,500
Flinders-HCHB,2021,Mar (week 1),MM,B19,I,rep4,Frozen,Amphipoda,53,,0.0146,0,,0,#DIV/0!,0,500
Flinders-HCHB,2021,Mar (week 1),MM,B19,I,rep4,Frozen,Arthritica,24,,0.0273,0.0056,,0.205128205,0,0,500
Flinders-HCHB,2021,Mar (week 1),MM,B19,I,rep4,Frozen,Simplisetia,55,,0.5298,0.0428,,0.080785202,0,0,500
Flinders-HCHB,2021,Mar (week 1),MM,B19,I,rep4,Frozen,Chironomidae,401,,0.1826,0.0184,,0.100766703,0,0,500
Flinders-HCHB,2021,Mar (week 1),MM,B19,I,rep4,Frozen,Hydrobiidae,41,,0.1534,0.0859,,0.559973924,0,0,500
Flinders-HCHB,2021,Mar (week 1),MM,B19,I,rep5,Frozen,Amphipoda,35,,0.0106,0.0029,,0.273584906,0,0,500
Flinders-HCHB,2021,Mar (week 1),MM,B19,I,rep5,Frozen,Arthritica,2,,0.0069,0.0032,,0.463768116,0,0,500
Flinders-HCHB,2021,Mar (week 1),MM,B19,I,rep5,Frozen,Simplisetia,51,,0.6291,0.0258,,0.041010968,0,0,500
Flinders-HCHB,2021,Mar (week 1),MM,B19,I,rep5,Frozen,Chironomidae,89,,0.0351,0.0125,,0.356125356,0,0,500
Flinders-HCHB,2021,Mar (week 1),MM,B19,I,rep6,Frozen,Amphipoda,19,,0.0237,0.0166,,0.700421941,0,0,500
Flinders-HCHB,2021,Mar (week 1),MM,B19,I,rep6,Frozen,Arthritica,20,,0.0272,0.015,,0.551470588,0,0,500
Flinders-HCHB,2021,Mar (week 1),MM,B19,I,rep6,Frozen,Simplisetia,51,,0.48,0.049,,0.102083333,0,0,500
Flinders-HCHB,2021,Mar (week 1),MM,B19,I,rep6,Frozen,Chironomidae,277,,0.0854,0.0248,,0.290398126,0,0,500
Flinders-HCHB,2021,Mar (week 1),MM,B19,I,rep6,Frozen,Hydrobiidae,8,,0.0495,0.0269,,0.543434343,0,0,500
Flinders-HCHB,2021,Mar (week 1),MM,B19,I,rep6,Frozen,Boccardiella,10,,0.0036,0.0006,,0.166666667,0,0,500
Flinders-HCHB,2021,Mar (week 1),MM,B19,S,rep3,Frozen,Arthritica,1,,0.0017,0,,0,#DIV/0!,0,500
Flinders-HCHB,2021,Mar (week 1),MM,B19,S,rep3,Frozen,Simplisetia,10,,0.0678,0.0041,,0.060471976,0,0,500
Flinders-HCHB,2021,Mar (week 1),MM,B19,S,rep3,Frozen,Hydrobiidae,1038,,1.6096,0.749,,0.465333002,0,0,500
Flinders-HCHB,2021,Mar (week 1),MM,B19,S,rep3,Frozen,Salinator,67,,0.1142,0.0384,,0.336252189,0,0,500
Flinders-HCHB,2021,Mar (week 1),MM,B19,S,rep3,Frozen,Nephtys,7,,0.1051,0.0044,,0.041864891,0,0,500
Flinders-HCHB,2021,Mar (week 1),MM,B19,S,rep3,Frozen,Ostracoda,17,,0.0017,0.0012,,0.705882353,0,0,500
Flinders-HCHB,2021,Mar (week 1),MM,B19,S,rep3,Frozen,Phyllodoce,1,,0.0102,0.0019,,0.18627451,0,0,500
Flinders-HCHB,2021,Mar (week 1),MM,B19,S,rep4,Frozen,Simplisetia,6,,0.0103,0.0002,,0.019417476,0,0,500
Flinders-HCHB,2021,Mar (week 1),MM,B19,S,rep4,Frozen,Hydrobiidae,682,,1.2144,0.5227,,0.430418314,0,0,500
Flinders-HCHB,2021,Mar (week 1),MM,B19,S,rep5,Frozen,Simplisetia,7,,0.0686,0.0025,,0.036443149,0,0,500
Flinders-HCHB,2021,Mar (week 1),MM,B19,S,rep5,Frozen,Hydrobiidae,200,,0.5295,0.2443,,0.461378659,0,0,500
Flinders-HCHB,2021,Mar (week 1),MM,B19,P,rep3,Frozen,Amphipoda,36,,0.0118,0.001,,0.084745763,0,0,500
Flinders-HCHB,2021,Mar (week 1),MM,B19,P,rep3,Frozen,Arthritica,23,,0.0593,0.0282,,0.475548061,0,0,500
Flinders-HCHB,2021,Mar (week 1),MM,B19,P,rep3,Frozen,Simplisetia,28,,0.1286,0.0154,,0.119751166,0,0,500
Flinders-HCHB,2021,Mar (week 1),MM,B19,P,rep3,Frozen,Chironomidae,7,,0.0009,0,,0,#DIV/0!,0,500
Flinders-HCHB,2021,Mar (week 1),MM,B19,P,rep3,Frozen,Hydrobiidae,51,,0.2468,0.1383,,0.560372771,0,0,500
Flinders-HCHB,2021,Mar (week 1),MM,B19,P,rep3,Frozen,Salinator,3,,0.0026,0.0013,,0.5,0,0,500
Flinders-HCHB,2021,Mar (week 1),MM,B19,P,rep4,Frozen,Amphipoda,29,,0.0085,0.002,,0.235294118,0,0,500
Flinders-HCHB,2021,Mar (week 1),MM,B19,P,rep4,Frozen,Arthritica,8,,0.017,0.0084,,0.494117647,0,0,500
Flinders-HCHB,2021,Mar (week 1),MM,B19,P,rep4,Frozen,Simplisetia,14,,0.0049,0.0026,,0.530612245,0,0,500
Flinders-HCHB,2021,Mar (week 1),MM,B19,P,rep4,Frozen,Chironomidae,6,,0.0011,0.0002,,0.181818182,0,0,500
Flinders-HCHB,2021,Mar (week 1),MM,B19,P,rep4,Frozen,Hydrobiidae,17,,0.0551,0.0278,,0.504537205,0,0,500
Flinders-HCHB,2021,Mar (week 1),MM,B19,P,rep5,Frozen,Amphipoda,23,,0.0063,0.0021,,0.333333333,0,0,500
Flinders-HCHB,2021,Mar (week 1),MM,B19,P,rep5,Frozen,Arthritica,12,,0.0253,0.0127,,0.501976285,0,0,500
Flinders-HCHB,2021,Mar (week 1),MM,B19,P,rep5,Frozen,Simplisetia,40,,0.0379,0,,0,#DIV/0!,0,500
Flinders-HCHB,2021,Mar (week 1),MM,B19,P,rep5,Frozen,Chironomidae,29,,0.0055,0.0015,,0.272727273,0,0,500
Flinders-HCHB,2021,Mar (week 1),MM,B19,P,rep5,Frozen,Hydrobiidae,42,,0.1353,0.0748,,0.552845528,0,0,500
Flinders-HCHB,2021,Mar (week 1),MM,B19,P,rep5,Frozen,Salinator,1,,0.264,0.0999,,0.378409091,0,0,500
Flinders-HCHB,2021,Mar (week 1),MM,PP,I,rep3,Frozen,Amphipoda,1,,0.0003,0.0013,,4.333333333,0,0,500
Flinders-HCHB,2021,Mar (week 1),MM,PP,I,rep3,Frozen,Arthritica,2,,0.0008,0.0006,,0.75,0,0,500
Flinders-HCHB,2021,Mar (week 1),MM,PP,I,rep3,Frozen,Simplisetia,26,,0.399,0.0211,,0.052882206,0,0,500
Flinders-HCHB,2021,Mar (week 1),MM,PP,I,rep3,Frozen,Chironomidae,14,,0.0067,0.0004,,0.059701493,0,0,500
Flinders-HCHB,2021,Mar (week 1),MM,PP,I,rep3,Frozen,Hydrobiidae,4,,0.0053,0,,0,#DIV/0!,0,500
Flinders-HCHB,2021,Mar (week 1),MM,PP,I,rep3,Frozen,Dolichopodidae,1,,0.0118,0.0028,,0.237288136,0,0,500
Flinders-HCHB,2021,Mar (week 1),MM,PP,I,rep4,Frozen,Arthritica,16,,0.0198,0.0108,,0.545454545,0,0,500
Flinders-HCHB,2021,Mar (week 1),MM,PP,I,rep4,Frozen,Simplisetia,38,,0.6101,0.0479,,0.078511719,0,0,500
Flinders-HCHB,2021,Mar (week 1),MM,PP,I,rep4,Frozen,Chironomidae,4,,0.0033,0.0006,,0.181818182,0,0,500
Flinders-HCHB,2021,Mar (week 1),MM,PP,I,rep4,Frozen,Hydrobiidae,18,,0.0422,0.024,,0.568720379,0,0,500
Flinders-HCHB,2021,Mar (week 1),MM,PP,I,rep4,Frozen,Salinator,1,,,,,#DIV/0!,#DIV/0!,#DIV/0!,500
Flinders-HCHB,2021,Mar (week 1),MM,PP,I,rep5,Frozen,Arthritica,7,,0.0111,0.0047,,0.423423423,0,0,500
Flinders-HCHB,2021,Mar (week 1),MM,PP,I,rep5,Frozen,Capitella,9,,,,,#DIV/0!,#DIV/0!,#DIV/0!,500
Flinders-HCHB,2021,Mar (week 1),MM,PP,I,rep5,Frozen,Simplisetia,44,,0.4232,0.0236,,0.055765595,0,0,500
Flinders-HCHB,2021,Mar (week 1),MM,PP,I,rep5,Frozen,Chironomidae,4,,0.0012,0,,0,#DIV/0!,0,500
Flinders-HCHB,2021,Mar (week 1),MM,PP,I,rep6,Frozen,Arthritica,10,,0.033,0.0156,,0.472727273,0,0,500
Flinders-HCHB,2021,Mar (week 1),MM,PP,I,rep6,Frozen,Simplisetia,52,,1.1673,0.0802,,0.06870556,0,0,500
Flinders-HCHB,2021,Mar (week 1),MM,PP,I,rep6,Frozen,Chironomidae,6,,0.0037,0.0018,,0.486486486,0,0,500
Flinders-HCHB,2021,Mar (week 1),MM,PP,I,rep6,Frozen,Hydrobiidae,11,,0.0296,0.0161,,0.543918919,0,0,500
Flinders-HCHB,2021,Mar (week 1),MM,PP,S,rep3,Frozen,Simplisetia,4,,0.0185,0,,0,#DIV/0!,0,500
Flinders-HCHB,2021,Mar (week 1),MM,PP,S,rep3,Frozen,Hydrobiidae,26,,0.0432,0.0222,,0.513888889,0,0,500
Flinders-HCHB,2021,Mar (week 1),MM,PP,S,rep4,Frozen,Amphipoda,9,,0.0007,0,,0,#DIV/0!,0,500
Flinders-HCHB,2021,Mar (week 1),MM,PP,S,rep4,Frozen,Arthritica,7,,0.0134,0.0083,,0.619402985,0,0,500
Flinders-HCHB,2021,Mar (week 1),MM,PP,S,rep4,Frozen,Simplisetia,3,,0.005,0.0045,,0.9,0,0,500
Flinders-HCHB,2021,Mar (week 1),MM,PP,S,rep4,Frozen,Hydrobiidae,839,,1.7717,0.939,,0.529999436,0,0,500
Flinders-HCHB,2021,Mar (week 1),MM,PP,S,rep4,Frozen,Salinator,13,,0.0022,0.0027,,1.227272727,0,0,500
Flinders-HCHB,2021,Mar (week 1),MM,PP,S,rep4,Frozen,Nephtys,14,,1.5692,0.1098,,0.06997196,0,0,500
Flinders-HCHB,2021,Mar (week 1),MM,PP,S,rep4,Frozen,Mysidacea,2,,0.0077,0.0018,,0.233766234,0,0,500
Flinders-HCHB,2021,Mar (week 1),MM,PP,S,rep4,Frozen,Ostracoda,1,,0.0017,0.0003,,0.176470588,0,0,500
Flinders-HCHB,2021,Mar (week 1),MM,PP,S,rep5,Frozen,Amphipoda,52,,0.0191,0.0003,,0.015706806,0,0,500
Flinders-HCHB,2021,Mar (week 1),MM,PP,S,rep5,Frozen,Arthritica,25,,0.0583,0.0077,,0.132075472,0,0,500
Flinders-HCHB,2021,Mar (week 1),MM,PP,S,rep5,Frozen,Hydrobiidae,46,,0.5163,0.3067,,0.594034476,0,0,500
Flinders-HCHB,2021,Mar (week 1),MM,PP,S,rep5,Frozen,Nephtys,7,,0.6142,0.0296,,0.048192771,0,0,500
Flinders-HCHB,2021,Mar (week 1),MM,PP,S,rep5,Frozen,Tellina deltoidalis,2,4.4595,0,0,,#DIV/0!,#DIV/0!,#DIV/0!,500
Flinders-HCHB,2021,Mar (week 1),MM,PP,S,rep5,Frozen,Mysidacea,1,,0.0109,0.0028,,0.256880734,0,0,500
Flinders-HCHB,2021,Mar (week 1),MM,PP,P,rep3,Frozen,Arthritica,4,,0.0034,0.001,,0.294117647,0,0,500
Flinders-HCHB,2021,Mar (week 1),MM,PP,P,rep3,Frozen,Capitella,6,,0.0099,0,,0,#DIV/0!,0,500
Flinders-HCHB,2021,Mar (week 1),MM,PP,P,rep3,Frozen,Simplisetia,18,,0.0861,0.0097,,0.112659698,0,0,500
Flinders-HCHB,2021,Mar (week 1),MM,PP,P,rep3,Frozen,Hydrobiidae,2,,0.002,0.0017,,0.85,0,0,500
Flinders-HCHB,2021,Mar (week 1),MM,PP,P,rep4,Frozen,Amphipoda,2,,0.0044,0.0009,,0.204545455,0,0,500
Flinders-HCHB,2021,Mar (week 1),MM,PP,P,rep4,Frozen,Arthritica,6,,0.0049,0.0016,,0.326530612,0,0,500
Flinders-HCHB,2021,Mar (week 1),MM,PP,P,rep4,Frozen,Capitella,45,,0.0379,0.0015,,0.039577836,0,0,500
Flinders-HCHB,2021,Mar (week 1),MM,PP,P,rep4,Frozen,Simplisetia,67,,0.4013,0.0233,,0.058061301,0,0,500
Flinders-HCHB,2021,Mar (week 1),MM,PP,P,rep4,Frozen,Chironomidae,3,,0.0013,0.0006,,0.461538462,0,0,500
Flinders-HCHB,2021,Mar (week 1),MM,PP,P,rep4,Frozen,Hydrobiidae,1,,0.0006,0,,0,#DIV/0!,0,500
Flinders-HCHB,2021,Mar (week 1),MM,PP,P,rep4,Frozen,Nephtys,2,,0.0767,0.0076,,0.099087353,0,0,500
Flinders-HCHB,2021,Mar (week 1),MM,PP,P,rep4,Frozen,Anemone,1,,0.017,0.0019,,0.111764706,0,0,500
Flinders-HCHB,2021,Mar (week 1),MM,PP,P,rep4,Frozen,Dolichopodidae,3,,0.0379,0.0102,,0.269129288,0,0,500
Flinders-HCHB,2021,Mar (week 1),MM,PP,P,rep5,Frozen,Arthritica,2,,0.0074,0.0047,,0.635135135,0,0,500
Flinders-HCHB,2021,Mar (week 1),MM,PP,P,rep5,Frozen,Capitella,10,,0.0076,0.0003,,0.039473684,0,0,500
Flinders-HCHB,2021,Mar (week 1),MM,PP,P,rep5,Frozen,Simplisetia,15,,0.16,0.0145,,0.090625,0,0,500
Flinders-HCHB,2021,Mar (week 1),NL,LP,I,rep3,Frozen,Amphipoda,13,,0.0042,0.0005,,0.119047619,0,0,500
Flinders-HCHB,2021,Mar (week 1),NL,LP,I,rep3,Frozen,Arthritica,80,,0.127,0.0709,,0.558267717,0,0,500
Flinders-HCHB,2021,Mar (week 1),NL,LP,I,rep3,Frozen,Capitella,9,,0.0035,0,,0,#DIV/0!,0,500
Flinders-HCHB,2021,Mar (week 1),NL,LP,I,rep3,Frozen,Simplisetia,87,,0.4238,0.0599,,0.141340255,0,0,500
Flinders-HCHB,2021,Mar (week 1),NL,LP,I,rep4,Frozen,Amphipoda,7,,0.0011,1E-04,,0.090909091,0,0,500
Flinders-HCHB,2021,Mar (week 1),NL,LP,I,rep4,Frozen,Arthritica,32,,0.0351,0.0198,,0.564102564,0,0,500
Flinders-HCHB,2021,Mar (week 1),NL,LP,I,rep4,Frozen,Capitella,8,,0.0082,0,,0,#DIV/0!,0,500
Flinders-HCHB,2021,Mar (week 1),NL,LP,I,rep4,Frozen,Simplisetia,125,,0.6435,0.0928,,0.144211344,0,0,500
Flinders-HCHB,2021,Mar (week 1),NL,LP,I,rep4,Frozen,Chironomidae,36,,0.0081,0.0015,,0.185185185,0,0,500
Flinders-HCHB,2021,Mar (week 1),NL,LP,I,rep4,Frozen,Hydrobiidae,2,,0.003,0,,0,#DIV/0!,0,500
Flinders-HCHB,2021,Mar (week 1),NL,LP,I,rep5,Frozen,Amphipoda,7,,0.0283,0.016,,0.565371025,0,0,500
Flinders-HCHB,2021,Mar (week 1),NL,LP,I,rep5,Frozen,Arthritica,21,,0.0583,0.0202,,0.346483705,0,0,500
Flinders-HCHB,2021,Mar (week 1),NL,LP,I,rep5,Frozen,Capitella,15,,0.0074,0.0002,,0.027027027,0,0,500
Flinders-HCHB,2021,Mar (week 1),NL,LP,I,rep5,Frozen,Simplisetia,32,,0.4882,0.0443,,0.090741499,0,0,500
Flinders-HCHB,2021,Mar (week 1),NL,LP,I,rep5,Frozen,Chironomidae,16,,0.0038,0,,0,#DIV/0!,0,500
Flinders-HCHB,2021,Mar (week 1),NL,LP,I,rep5,Frozen,Salinator,2,,0.0416,0.0187,,0.449519231,0,0,500
Flinders-HCHB,2021,Mar (week 1),NL,LP,I,rep5,Frozen,Ostracoda,29,,0.0091,0,,0,#DIV/0!,0,500
Flinders-HCHB,2021,Mar (week 1),NL,LP,I,rep6,Frozen,Amphipoda,2,,0.0047,0,,0,#DIV/0!,0,500
Flinders-HCHB,2021,Mar (week 1),NL,LP,I,rep6,Frozen,Capitella,5,,0,0,,#DIV/0!,#DIV/0!,#DIV/0!,500
Flinders-HCHB,2021,Mar (week 1),NL,LP,I,rep6,Frozen,Simplisetia,39,,0.2968,0.0376,,0.126684636,0,0,500
Flinders-HCHB,2021,Mar (week 1),NL,LP,I,rep6,Frozen,Chironomidae,5,,0.0028,0.0023,,0.821428571,0,0,500
Flinders-HCHB,2021,Mar (week 1),NL,LP,S,rep3,Frozen,Amphipoda,4,,0.0021,0.0002,,0.095238095,0,0,500
Flinders-HCHB,2021,Mar (week 1),NL,LP,S,rep3,Frozen,Arthritica,15,,0.0389,0.0188,,0.483290488,0,0,500
Flinders-HCHB,2021,Mar (week 1),NL,LP,S,rep3,Frozen,Capitella,1,,0.001,0,,0,#DIV/0!,0,500
Flinders-HCHB,2021,Mar (week 1),NL,LP,S,rep3,Frozen,Simplisetia,67,,0.3952,0.0328,,0.082995951,0,0,500
Flinders-HCHB,2021,Mar (week 1),NL,LP,S,rep3,Frozen,Spisula,4,8.373,1.3162,0.1732,,0.131590944,0,0,500
Flinders-HCHB,2021,Mar (week 1),NL,LP,S,rep3,Frozen,Ficopomatus,1,,0.0004,0.0001,,0.25,0,0,500
Flinders-HCHB,2021,Mar (week 1),NL,LP,S,rep4,Frozen,Amphipoda,4,,0.0003,0,,0,#DIV/0!,0,500
Flinders-HCHB,2021,Mar (week 1),NL,LP,S,rep4,Frozen,Arthritica,24,,0.035,0.0161,,0.46,0,0,500
Flinders-HCHB,2021,Mar (week 1),NL,LP,S,rep4,Frozen,Capitella,2,,0.0003,0,,0,#DIV/0!,0,500
Flinders-HCHB,2021,Mar (week 1),NL,LP,S,rep4,Frozen,Simplisetia,52,,0.364,0.0301,,0.082692308,0,0,500
Flinders-HCHB,2021,Mar (week 1),NL,LP,S,rep4,Frozen,Spisula,3,3.7616,0.599,0.1171,,0.195492487,0,0,500
Flinders-HCHB,2021,Mar (week 1),NL,LP,S,rep4,Frozen,Mysidacea,1,,0.0034,0.0004,,0.117647059,0,0,500
Flinders-HCHB,2021,Mar (week 1),NL,LP,S,rep5,Frozen,Amphipoda,5,,0,0,,#DIV/0!,#DIV/0!,#DIV/0!,500
Flinders-HCHB,2021,Mar (week 1),NL,LP,S,rep5,Frozen,Arthritica,4,,0.0148,0.0097,,0.655405405,0,0,500
Flinders-HCHB,2021,Mar (week 1),NL,LP,S,rep5,Frozen,Simplisetia,23,,0.3807,0.0224,,0.058838981,0,0,500
Flinders-HCHB,2021,Mar (week 1),NL,LP,S,rep5,Frozen,Chironomidae,1,,0.0039,0.0005,,0.128205128,0,0,500
Flinders-HCHB,2021,Mar (week 1),NL,LP,S,rep5,Frozen,Spisula,7,19.9184,0,0.5099,,#DIV/0!,0,#DIV/0!,500
Flinders-HCHB,2021,Mar (week 1),NL,LP,P,rep3,Frozen,Amphipoda,2,,0.0007,0,,0,#DIV/0!,0,500
Flinders-HCHB,2021,Mar (week 1),NL,LP,P,rep3,Frozen,Arthritica,11,,0.0422,0.0216,,0.511848341,0,0,500
Flinders-HCHB,2021,Mar (week 1),NL,LP,P,rep3,Frozen,Capitella,2,,0.0002,0,,0,#DIV/0!,0,500
Flinders-HCHB,2021,Mar (week 1),NL,LP,P,rep3,Frozen,Simplisetia,7,,0.0084,0,,0,#DIV/0!,0,500
Flinders-HCHB,2021,Mar (week 1),NL,LP,P,rep4,Frozen,Arthritica,2,,0.0062,0.0037,,0.596774194,0,0,500
Flinders-HCHB,2021,Mar (week 1),NL,NM,I,rep3,Frozen,Capitella,4,,0.0011,0.0009,,0.818181818,0,0,500
Flinders-HCHB,2021,Mar (week 1),NL,NM,I,rep3,Frozen,Simplisetia,1,,0.0422,0.001,,0.023696682,0,0,500
Flinders-HCHB,2021,Mar (week 1),NL,NM,I,rep3,Frozen,Chironomidae,9,,0.0053,0.0014,,0.264150943,0,0,500
Flinders-HCHB,2021,Mar (week 1),NL,NM,I,rep4,Frozen,Capitella,15,,0.0096,0,,0,#DIV/0!,0,500
Flinders-HCHB,2021,Mar (week 1),NL,NM,I,rep4,Frozen,Chironomidae,6,,0.0039,0.0006,,0.153846154,0,0,500
Flinders-HCHB,2021,Mar (week 1),NL,NM,I,rep4,Frozen,Hydrobiidae,1,,,,,#DIV/0!,#DIV/0!,#DIV/0!,500
Flinders-HCHB,2021,Mar (week 1),NL,NM,I,rep5,Frozen,Capitella,14,,0,0,,#DIV/0!,#DIV/0!,#DIV/0!,500
Flinders-HCHB,2021,Mar (week 1),NL,NM,I,rep5,Frozen,Chironomidae,18,,0.0145,0.0048,,0.331034483,0,0,500
Flinders-HCHB,2021,Mar (week 1),NL,NM,I,rep6,Frozen,Amphipoda,1,,0,0,,#DIV/0!,#DIV/0!,#DIV/0!,500
Flinders-HCHB,2021,Mar (week 1),NL,NM,I,rep6,Frozen,Capitella,8,,0,0,,#DIV/0!,#DIV/0!,#DIV/0!,500
Flinders-HCHB,2021,Mar (week 1),NL,NM,I,rep6,Frozen,Simplisetia,1,,0.0064,0,,0,#DIV/0!,0,500
Flinders-HCHB,2021,Mar (week 1),NL,NM,I,rep6,Frozen,Chironomidae,8,,0.0015,0,,0,#DIV/0!,0,500
Flinders-HCHB,2021,Mar (week 1),NL,NM,S,rep3,Frozen,Chironomidae,3,,0.0036,0.0007,,0.194444444,0,0,500
Flinders-HCHB,2021,Mar (week 1),NL,NM,S,rep4,Frozen,Amphipoda,1,,0.0005,0,,0,#DIV/0!,0,500
Flinders-HCHB,2021,Mar (week 1),NL,NM,S,rep4,Frozen,Chironomidae,10,,0.0188,0.0026,,0.138297872,0,0,500
Flinders-HCHB,2021,Mar (week 1),NL,NM,S,rep5,Frozen,Chironomidae,18,,0.0206,0.0049,,0.237864078,0,0,500
Flinders-HCHB,2021,Mar (week 1),NL,NM,P,rep3,Frozen,Chironomidae,2,,0.0037,0,,0,#DIV/0!,0,500
Flinders-HCHB,2021,Mar (week 1),NL,NM,P,rep4,Frozen,Chironomidae,1,,0,0,,#DIV/0!,#DIV/0!,#DIV/0!,500
Flinders-HCHB,2021,Mar (week 1),SL,HG,I,rep7,Frozen,Chironomidae,3,,0,0.0003,,#DIV/0!,0,#DIV/0!,500
Flinders-HCHB,2021,Mar (week 1),SL,HG,S,rep4,Frozen,Chironomidae,8,,0.003,1E-04,,0.033333333,0,0,500
Flinders-HCHB,2021,Mar (week 1),SL,HG,S,rep5,Frozen,Chironomidae,2,,0,0,,#DIV/0!,#DIV/0!,#DIV/0!,500
Flinders-HCHB,2021,Mar (week 1),SL,HG,S,rep6,Frozen,Chironomidae,171,,0.1688,0.023,,0.136255924,0,0,500
Flinders-HCHB,2021,Mar (week 1),SL,HG,S,rep7,Frozen,Chironomidae,44,,0.0386,0.01,,0.259067358,0,0,500
Flinders-HCHB,2021,Mar (week 1),SL,HG,S,rep8,Frozen,Chironomidae,1,,0.001,0,,0,#DIV/0!,0,500
Flinders-HCHB,2021,Mar (week 1),SL,JP,I,rep6,Frozen,Chironomidae,3,,0.0021,0.0005,,0.238095238,0,0,500
Flinders-HCHB,2021,Mar (week 1),SL,JP,I,rep7,Frozen,Chironomidae,2,,0,0,,#DIV/0!,#DIV/0!,#DIV/0!,500
Flinders-HCHB,2021,Mar (week 1),SL,JP,I,rep7,Frozen,Dolichopodidae,2,,0.007,0.0041,,0.585714286,0,0,500
Flinders-HCHB,2021,Mar (week 1),SL,JP,S,rep4,Frozen,Chironomidae,3,,0.0005,0,,0,#DIV/0!,0,500
Flinders-HCHB,2021,Mar (week 1),SL,JP,S,rep5,Frozen,Chironomidae,2,,0.0011,0,,0,#DIV/0!,0,500
Flinders-HCHB,2021,Mar (week 1),SL,JP,S,rep6,Frozen,Chironomidae,2,,0,0,,#DIV/0!,#DIV/0!,#DIV/0!,500
Flinders-HCHB,2021,Mar (week 1),SL,JP,S,rep8,Frozen,Chironomidae,2,,0,0,,#DIV/0!,#DIV/0!,#DIV/0!,500
Flinders-HCHB,2021,Mar (week 1),SL,SC,I,rep4,Frozen,Chironomidae,4,,0.0022,0,,0,#DIV/0!,0,500
Flinders-HCHB,2021,Mar (week 1),SL,SC,S,rep4,Frozen,Chironomidae,1,,0.0007,0,,0,#DIV/0!,0,500
Flinders-HCHB,2021,Mar (week 1),SL,SC,S,rep5,Frozen,Chironomidae,473,,0.1906,0.0352,,0.184679958,0,0,500
Flinders-HCHB,2021,Mar (week 1),SL,SC,S,rep6,Frozen,Chironomidae,283,,0.1941,0.0393,,0.202472952,0,0,500
Flinders-HCHB,2021,Mar (week 1),SL,SC,S,rep7,Frozen,Chironomidae,99,,0.0701,0.0043,,0.061340942,0,0,500
Flinders-HCHB,2021,Mar (week 1),SL,SC,S,rep8,Frozen,Chironomidae,148,,0.1387,0.0258,,0.186012978,0,0,500
Flinders-HCHB,2021,Jun (week 3),MM,B19,I,rep3,Frozen,Amphipoda,9,,0.0014,0,,0,#DIV/0!,0,500
Flinders-HCHB,2021,Jun (week 3),MM,B19,I,rep3,Frozen,Arthritica,7,,0.0151,0.0072,,0.476821192,0,0,500
Flinders-HCHB,2021,Jun (week 3),MM,B19,I,rep3,Frozen,Simplisetia,7,,0.1789,0.0242,,0.135271101,0,0,500
Flinders-HCHB,2021,Jun (week 3),MM,B19,I,rep3,Frozen,Chironomidae,2,,0.0002,0,,0,#DIV/0!,0,500
Flinders-HCHB,2021,Jun (week 3),MM,B19,I,rep3,Frozen,Hydrobiidae,7,,0.0243,0.0125,,0.514403292,0,0,500
Flinders-HCHB,2021,Jun (week 3),MM,B19,I,rep3,Frozen,Salinator,9,,0.094,0.0304,,0.323404255,0,0,500
Flinders-HCHB,2021,Jun (week 3),MM,B19,I,rep3,Frozen,Dolichopodidae,3,,0.009,0.0007,,0.077777778,0,0,500
Flinders-HCHB,2021,Jun (week 3),MM,B19,I,rep4,Frozen,Amphipoda,11,,0.0041,0.0017,,0.414634146,0,0,500
Flinders-HCHB,2021,Jun (week 3),MM,B19,I,rep4,Frozen,Arthritica,40,,0.0919,0.0446,,0.48531012,0,0,500
Flinders-HCHB,2021,Jun (week 3),MM,B19,I,rep4,Frozen,Simplisetia,40,,0.3564,0.0514,,0.144219978,0,0,500
Flinders-HCHB,2021,Jun (week 3),MM,B19,I,rep4,Frozen,Chironomidae,28,,0.012,0.0025,,0.208333333,0,0,500
Flinders-HCHB,2021,Jun (week 3),MM,B19,I,rep4,Frozen,Hydrobiidae,16,,0.0424,0.0214,,0.504716981,0,0,500
Flinders-HCHB,2021,Jun (week 3),MM,B19,I,rep4,Frozen,Salinator,6,,0.3059,0.1362,,0.445243544,0,0,500
Flinders-HCHB,2021,Jun (week 3),MM,B19,I,rep5,Frozen,Amphipoda,3,,0.0027,0.0006,,0.222222222,0,0,500
Flinders-HCHB,2021,Jun (week 3),MM,B19,I,rep5,Frozen,Arthritica,17,,0.4066,0.1869,,0.459665519,0,0,500
Flinders-HCHB,2021,Jun (week 3),MM,B19,I,rep5,Frozen,Capitella,1,,0.0007,0.0001,,0.142857143,0,0,500
Flinders-HCHB,2021,Jun (week 3),MM,B19,I,rep5,Frozen,Simplisetia,203,,0.9387,0.1326,,0.141259188,0,0,500
Flinders-HCHB,2021,Jun (week 3),MM,B19,I,rep5,Frozen,Chironomidae,90,,0.0391,0.0168,,0.429667519,0,0,500
Flinders-HCHB,2021,Jun (week 3),MM,B19,I,rep5,Frozen,Hydrobiidae,66,,0.3447,0.1904,,0.552364375,0,0,500
Flinders-HCHB,2021,Jun (week 3),MM,B19,I,rep5,Frozen,Boccardiella,6,,0.0028,0.0006,,0.214285714,0,0,500
Flinders-HCHB,2021,Jun (week 3),MM,B19,I,rep5,Frozen,Salinator,7,,0.2004,0.0821,,0.409680639,0,0,500
Flinders-HCHB,2021,Jun (week 3),MM,B19,I,rep6,Frozen,Amphipoda,3,,0.0019,0.0002,,0.105263158,0,0,500
Flinders-HCHB,2021,Jun (week 3),MM,B19,I,rep6,Frozen,Arthritica,3,,0.01,0.0037,,0.37,0,0,500
Flinders-HCHB,2021,Jun (week 3),MM,B19,I,rep6,Frozen,Simplisetia,72,,0.8502,0.1182,,0.139026112,0,0,500
Flinders-HCHB,2021,Jun (week 3),MM,B19,I,rep6,Frozen,Chironomidae,6,,0.002,0.0003,,0.15,0,0,500
Flinders-HCHB,2021,Jun (week 3),MM,B19,I,rep6,Frozen,Hydrobiidae,3,,0.0124,0.0078,,0.629032258,0,0,500
Flinders-HCHB,2021,Jun (week 3),MM,B19,I,rep6,Frozen,Salinator,2,,0.3224,0.1068,,0.331265509,0,0,500
Flinders-HCHB,2021,Jun (week 3),MM,B19,S,rep3,Frozen,Amphipoda,1,,0,0.0002,,#DIV/0!,0,#DIV/0!,500
Flinders-HCHB,2021,Jun (week 3),MM,B19,S,rep3,Frozen,Simplisetia,1,,0,0,,#DIV/0!,#DIV/0!,#DIV/0!,500
Flinders-HCHB,2021,Jun (week 3),MM,B19,S,rep3,Frozen,Hydrobiidae,1,,0.0007,0,,0,#DIV/0!,0,500
Flinders-HCHB,2021,Jun (week 3),MM,B19,S,rep3,Frozen,Phyllodoce,3,,0.2867,0.0185,,0.064527381,0,0,500
Flinders-HCHB,2021,Jun (week 3),MM,B19,S,rep4,Frozen,Amphipoda,1,,0.0007,0.0004,,0.571428571,0,0,500
Flinders-HCHB,2021,Jun (week 3),MM,B19,S,rep4,Frozen,Hydrobiidae,11,,0.0269,0.011,,0.408921933,0,0,500
Flinders-HCHB,2021,Jun (week 3),MM,B19,S,rep5,Frozen,Amphipoda,2,,0.0014,0.0009,,0.642857143,0,0,500
Flinders-HCHB,2021,Jun (week 3),MM,B19,S,rep5,Frozen,Simplisetia,10,,0.2977,0.0195,,0.065502183,0,0,500
Flinders-HCHB,2021,Jun (week 3),MM,B19,S,rep5,Frozen,Hydrobiidae,13,,0.056,0.0249,,0.444642857,0,0,500
Flinders-HCHB,2021,Jun (week 3),MM,B19,S,rep5,Frozen,Mysidacea,1,,0.0014,0.0002,,0.142857143,0,0,500
Flinders-HCHB,2021,Jun (week 3),MM,B19,S,rep5,Frozen,Liloa brevis,1,,0.0061,0.0005,,0.081967213,0,0,500
Flinders-HCHB,2021,Jun (week 3),MM,B19,P,rep3,Frozen,Amphipoda,67,,0.0307,0.0046,,0.149837134,0,0,500
Flinders-HCHB,2021,Jun (week 3),MM,B19,P,rep3,Frozen,Arthritica,19,,0.0628,0.0312,,0.496815287,0,0,500
Flinders-HCHB,2021,Jun (week 3),MM,B19,P,rep3,Frozen,Capitella,4,,0.001,0.0007,,0.7,0,0,500
Flinders-HCHB,2021,Jun (week 3),MM,B19,P,rep3,Frozen,Simplisetia,20,,0.0756,0.0048,,0.063492063,0,0,500
Flinders-HCHB,2021,Jun (week 3),MM,B19,P,rep3,Frozen,Chironomidae,19,,0.0058,0.0008,,0.137931034,0,0,500
Flinders-HCHB,2021,Jun (week 3),MM,B19,P,rep3,Frozen,Hydrobiidae,35,,0.118,0.0648,,0.549152542,0,0,500
Flinders-HCHB,2021,Jun (week 3),MM,B19,P,rep3,Frozen,Salinator,8,,0.7958,0.2859,,0.359261121,0,0,500
Flinders-HCHB,2021,Jun (week 3),MM,B19,P,rep4,Frozen,Amphipoda,38,,0.024,0.0027,,0.1125,0,0,500
Flinders-HCHB,2021,Jun (week 3),MM,B19,P,rep4,Frozen,Arthritica,28,,0.1254,0.0597,,0.476076555,0,0,500
Flinders-HCHB,2021,Jun (week 3),MM,B19,P,rep4,Frozen,Capitella,1,,0.0006,0.0003,,0.5,0,0,500
Flinders-HCHB,2021,Jun (week 3),MM,B19,P,rep4,Frozen,Simplisetia,15,,0.3072,0.0218,,0.070963542,0,0,500
Flinders-HCHB,2021,Jun (week 3),MM,B19,P,rep4,Frozen,Chironomidae,9,,0.0039,0.0006,,0.153846154,0,0,500
Flinders-HCHB,2021,Jun (week 3),MM,B19,P,rep4,Frozen,Hydrobiidae,17,,0.1097,0.0591,,0.538742024,0,0,500
Flinders-HCHB,2021,Jun (week 3),MM,B19,P,rep5,Frozen,Amphipoda,3,,0.0021,0.0004,,0.19047619,0,0,500
Flinders-HCHB,2021,Jun (week 3),MM,B19,P,rep5,Frozen,Arthritica,7,,0.0102,0.0051,,0.5,0,0,500
Flinders-HCHB,2021,Jun (week 3),MM,B19,P,rep5,Frozen,Simplisetia,34,,0.0656,0.0044,,0.067073171,0,0,500
Flinders-HCHB,2021,Jun (week 3),MM,B19,P,rep5,Frozen,Chironomidae,18,,0.005,0.0006,,0.12,0,0,500
Flinders-HCHB,2021,Jun (week 3),MM,B19,P,rep5,Frozen,Hydrobiidae,27,,0.1665,0.0941,,0.565165165,0,0,500
Flinders-HCHB,2021,Jun (week 3),MM,B19,P,rep5,Frozen,Salinator,8,,0.2815,0.1019,,0.361989343,0,0,500
Flinders-HCHB,2021,Jun (week 3),MM,B19,P,rep5,Frozen,Oligochaeta,10,,0.0027,1E-04,,0.037037037,0,0,500
Flinders-HCHB,2021,Jun (week 3),MM,PP,I,rep3,Frozen,Amphipoda,8,,0,0,,#DIV/0!,#DIV/0!,#DIV/0!,500
Flinders-HCHB,2021,Jun (week 3),MM,PP,I,rep3,Frozen,Arthritica,6,,0.0173,0.0084,,0.485549133,0,0,500
Flinders-HCHB,2021,Jun (week 3),MM,PP,I,rep3,Frozen,Chironomidae,1,,0,0.0007,,#DIV/0!,0,#DIV/0!,500
Flinders-HCHB,2021,Jun (week 3),MM,PP,I,rep3,Frozen,Mysidacea,2,,0.0377,0.0045,,0.119363395,0,0,500
Flinders-HCHB,2021,Jun (week 3),MM,PP,I,rep4,Frozen,Amphipoda,4,,0.0035,0.0009,,0.257142857,0,0,500
Flinders-HCHB,2021,Jun (week 3),MM,PP,I,rep4,Frozen,Arthritica,5,,0.0187,0.0099,,0.529411765,0,0,500
Flinders-HCHB,2021,Jun (week 3),MM,PP,I,rep4,Frozen,Simplisetia,3,,0.0108,0.0032,,0.296296296,0,0,500
Flinders-HCHB,2021,Jun (week 3),MM,PP,I,rep4,Frozen,Chironomidae,8,,0.0024,0.0009,,0.375,0,0,500
Flinders-HCHB,2021,Jun (week 3),MM,PP,I,rep4,Frozen,Hydrobiidae,4,,0.01,0.0044,,0.44,0,0,500
Flinders-HCHB,2021,Jun (week 3),MM,PP,I,rep4,Frozen,Mysidacea,1,,0.0065,0.0015,,0.230769231,0,0,500
Flinders-HCHB,2021,Jun (week 3),MM,PP,I,rep4,Frozen,Oligochaeta,1,,0.0013,0.0005,,0.384615385,0,0,500
Flinders-HCHB,2021,Jun (week 3),MM,PP,I,rep6,Frozen,Simplisetia,5,,0.0382,0.0028,,0.073298429,0,0,500
Flinders-HCHB,2021,Jun (week 3),MM,PP,I,rep6,Frozen,Chironomidae,1,,1E-04,0,,0,#DIV/0!,0,500
Flinders-HCHB,2021,Jun (week 3),MM,PP,I,rep6,Frozen,Hydrobiidae,3,,0.007,0.0029,,0.414285714,0,0,500
Flinders-HCHB,2021,Jun (week 3),MM,PP,I,rep6,Frozen,Boccardiella,1,,0.0004,0.0002,,0.5,0,0,500
Flinders-HCHB,2021,Jun (week 3),MM,PP,S,rep3,Frozen,Amphipoda,29,,0.0123,0.0019,,0.154471545,0,0,500
Flinders-HCHB,2021,Jun (week 3),MM,PP,S,rep3,Frozen,Arthritica,7,,0.0073,0.0029,,0.397260274,0,0,500
Flinders-HCHB,2021,Jun (week 3),MM,PP,S,rep3,Frozen,Simplisetia,10,,1.2297,0.1001,,0.081401968,0,0,500
Flinders-HCHB,2021,Jun (week 3),MM,PP,S,rep3,Frozen,Hydrobiidae,24,,0.1364,0.0802,,0.58797654,0,0,500
Flinders-HCHB,2021,Jun (week 3),MM,PP,S,rep3,Frozen,Nephtys,1,,0.167,0.014,,0.083832335,0,0,500
Flinders-HCHB,2021,Jun (week 3),MM,PP,S,rep3,Frozen,Janiridae,2,,0.0004,0,,0,#DIV/0!,0,500
Flinders-HCHB,2021,Jun (week 3),MM,PP,S,rep3,Frozen,Soletellina,,3.2091,1.9817,0.2396,,0.120906293,0,0,500
Flinders-HCHB,2021,Jun (week 3),MM,PP,S,rep4,Frozen,Amphipoda,5,,0.0018,0,,0,#DIV/0!,0,500
Flinders-HCHB,2021,Jun (week 3),MM,PP,S,rep4,Frozen,Arthritica,3,,0.012,0.0023,,0.191666667,0,0,500
Flinders-HCHB,2021,Jun (week 3),MM,PP,S,rep4,Frozen,Simplisetia,15,,1.0456,0.0679,,0.064938791,0,0,500
Flinders-HCHB,2021,Jun (week 3),MM,PP,S,rep4,Frozen,Soletellina,1,1.4891,1.0287,0.1449,,0.140857393,0,0,500
Flinders-HCHB,2021,Jun (week 3),MM,PP,S,rep5,Frozen,Amphipoda,20,,0.0403,0.0048,,0.1191067,0,0,500
Flinders-HCHB,2021,Jun (week 3),MM,PP,S,rep5,Frozen,Arthritica,4,,0.0068,0.0027,,0.397058824,0,0,500
Flinders-HCHB,2021,Jun (week 3),MM,PP,S,rep5,Frozen,Simplisetia,9,,0.6384,0.0274,,0.042919799,0,0,500
Flinders-HCHB,2021,Jun (week 3),MM,PP,S,rep5,Frozen,Chironomidae,5,,0.0009,0.0018,,2,0,0,500
Flinders-HCHB,2021,Jun (week 3),MM,PP,S,rep5,Frozen,Hydrobiidae,147,,0.2727,0.122,,0.447378071,0,0,500
Flinders-HCHB,2021,Jun (week 3),MM,PP,S,rep5,Frozen,Soletellina,1,0.0365,0.0213,0.0015,,0.070422535,0,0,500
Flinders-HCHB,2021,Jun (week 3),MM,PP,S,rep5,Frozen,Janiridae,2,,0.0004,0.0002,,0.5,0,0,500
Flinders-HCHB,2021,Jun (week 3),MM,PP,P,rep3,Frozen,Amphipoda,15,,0.0259,0.0166,,0.640926641,0,0,500
Flinders-HCHB,2021,Jun (week 3),MM,PP,P,rep3,Frozen,Arthritica,1,,0.0047,0.002,,0.425531915,0,0,500
Flinders-HCHB,2021,Jun (week 3),MM,PP,P,rep3,Frozen,Simplisetia,14,,0.1622,0.0089,,0.05487053,0,0,500
Flinders-HCHB,2021,Jun (week 3),MM,PP,P,rep3,Frozen,Chironomidae,7,,0.0797,0.0778,,0.976160602,0,0,500
Flinders-HCHB,2021,Jun (week 3),MM,PP,P,rep3,Frozen,Hydrobiidae,2,,0.0153,0.0096,,0.62745098,0,0,500
Flinders-HCHB,2021,Jun (week 3),MM,PP,P,rep3,Frozen,Salinator,1,,0.1115,1E-04,,0.000896861,0,0,500
Flinders-HCHB,2021,Jun (week 3),MM,PP,P,rep3,Frozen,Nephtys,14,,0.9865,0.0709,,0.071870248,0,0,500
Flinders-HCHB,2021,Jun (week 3),MM,PP,P,rep3,Frozen,Soletellina,2,2.6939,1.9317,0.2631,,0.136201273,0,0,500
Flinders-HCHB,2021,Jun (week 3),MM,PP,P,rep4,Frozen,Amphipoda,33,,0.0059,0.0007,,0.118644068,0,0,500
Flinders-HCHB,2021,Jun (week 3),MM,PP,P,rep4,Frozen,Arthritica,4,,0.0088,0.0049,,0.556818182,0,0,500
Flinders-HCHB,2021,Jun (week 3),MM,PP,P,rep4,Frozen,Simplisetia,10,,0.0366,0.0016,,0.043715847,0,0,500
Flinders-HCHB,2021,Jun (week 3),MM,PP,P,rep4,Frozen,Mysidacea,3,,0.0395,0.005,,0.126582278,0,0,500
Flinders-HCHB,2021,Jun (week 3),MM,PP,P,rep5,Frozen,Amphipoda,65,,0.0271,0.0042,,0.15498155,0,0,500
Flinders-HCHB,2021,Jun (week 3),MM,PP,P,rep5,Frozen,Arthritica,10,,0.031,0.0121,,0.390322581,0,0,500
Flinders-HCHB,2021,Jun (week 3),MM,PP,P,rep5,Frozen,Simplisetia,5,,0.0054,0.0175,,3.240740741,0,0,500
Flinders-HCHB,2021,Jun (week 3),MM,PP,P,rep5,Frozen,Chironomidae,18,,0.0009,0,,0,#DIV/0!,0,500
Flinders-HCHB,2021,Jun (week 3),MM,PP,P,rep5,Frozen,Hydrobiidae,2,,0.0365,0.0209,,0.57260274,0,0,500
Flinders-HCHB,2021,Jun (week 3),MM,PP,P,rep5,Frozen,Salinator,3,,0.7513,0.2428,,0.323173167,0,0,500
Flinders-HCHB,2021,Jun (week 3),NL,LP,I,rep3,Frozen,Amphipoda,3,,0.0009,0,,0,#DIV/0!,0,500
Flinders-HCHB,2021,Jun (week 3),NL,LP,I,rep3,Frozen,Simplisetia,19,,0.1268,0.0087,,0.068611987,0,0,500
Flinders-HCHB,2021,Jun (week 3),NL,LP,I,rep3,Frozen,Chironomidae,51,,0.0136,0.0004,,0.029411765,0,0,500
Flinders-HCHB,2021,Jun (week 3),NL,LP,I,rep4,Frozen,Amphipoda,7,,0.0036,0,,0,#DIV/0!,0,500
Flinders-HCHB,2021,Jun (week 3),NL,LP,I,rep4,Frozen,Simplisetia,10,,0.0823,0,,0,#DIV/0!,0,500
Flinders-HCHB,2021,Jun (week 3),NL,LP,I,rep4,Frozen,Chironomidae,17,,0.008,0.0007,,0.0875,0,0,500
Flinders-HCHB,2021,Jun (week 3),NL,LP,I,rep5,Frozen,Amphipoda,1,,0.0003,0.0001,,0.333333333,0,0,500
Flinders-HCHB,2021,Jun (week 3),NL,LP,I,rep5,Frozen,Capitella,2,,0.0003,0.0002,,0.666666667,0,0,500
Flinders-HCHB,2021,Jun (week 3),NL,LP,I,rep5,Frozen,Simplisetia,99,,0.4289,0.0824,,0.192119375,0,0,500
Flinders-HCHB,2021,Jun (week 3),NL,LP,I,rep5,Frozen,Chironomidae,37,,0.0186,0.0035,,0.188172043,0,0,500
Flinders-HCHB,2021,Jun (week 3),NL,LP,I,rep6,Frozen,Amphipoda,3,,0.0021,0,,0,#DIV/0!,0,500
Flinders-HCHB,2021,Jun (week 3),NL,LP,I,rep6,Frozen,Capitella,2,,0.002,0,,0,#DIV/0!,0,500
Flinders-HCHB,2021,Jun (week 3),NL,LP,I,rep6,Frozen,Simplisetia,68,,0.3353,0.0383,,0.114226066,0,0,500
Flinders-HCHB,2021,Jun (week 3),NL,LP,I,rep6,Frozen,Chironomidae,42,,0.0133,0.0032,,0.240601504,0,0,500
Flinders-HCHB,2021,Jun (week 3),NL,LP,S,rep3,Frozen,Amphipoda,5,,0.0008,0.0001,,0.125,0,0,500
Flinders-HCHB,2021,Jun (week 3),NL,LP,S,rep3,Frozen,Simplisetia,6,,0.1751,0.0063,,0.03597944,0,0,500
Flinders-HCHB,2021,Jun (week 3),NL,LP,S,rep3,Frozen,Spisula,2,0.4213,0.094,0,,0,#DIV/0!,0,500
Flinders-HCHB,2021,Jun (week 3),NL,LP,S,rep4,Frozen,Simplisetia,13,,0.1582,0.0099,,0.062579014,0,0,500
Flinders-HCHB,2021,Jun (week 3),NL,LP,S,rep4,Frozen,Mysidacea,1,,0.0061,0.001,,0.163934426,0,0,500
Flinders-HCHB,2021,Jun (week 3),NL,LP,S,rep4,Frozen,Ficopomatus,3,,1.9359,0.1578,,0.081512475,0,0,500
Flinders-HCHB,2021,Jun (week 3),NL,LP,S,rep4,Frozen,Spisula,,1.7173,0.3423,0.0247,,0.072158925,0,0,500
Flinders-HCHB,2021,Jun (week 3),NL,LP,S,rep5,Frozen,Arthritica,4,,0.0033,0.0019,,0.575757576,0,0,500
Flinders-HCHB,2021,Jun (week 3),NL,LP,S,rep5,Frozen,Simplisetia,2,,0.0079,0.0006,,0.075949367,0,0,500
Flinders-HCHB,2021,Jun (week 3),NL,LP,S,rep5,Frozen,Spisula,1,0.2106,0.0509,0.0043,,0.084479371,0,0,500
Flinders-HCHB,2021,Jun (week 3),NL,LP,S,rep5,Frozen,Ficopomatus,3,,0.5609,0.0346,,0.061686575,0,0,500
Flinders-HCHB,2021,Jun (week 3),NL,LP,P,rep3,Frozen,Amphipoda,32,,0.0112,0.0019,,0.169642857,0,0,500
Flinders-HCHB,2021,Jun (week 3),NL,LP,P,rep3,Frozen,Arthritica,11,,0.0323,0.0159,,0.492260062,0,0,500
Flinders-HCHB,2021,Jun (week 3),NL,LP,P,rep3,Frozen,Capitella,24,,0.0009,0.0002,,0.222222222,0,0,500
Flinders-HCHB,2021,Jun (week 3),NL,LP,P,rep3,Frozen,Simplisetia,80,,0.2329,0.0174,,0.074710176,0,0,500
Flinders-HCHB,2021,Jun (week 3),NL,LP,P,rep3,Frozen,Salinator,1,,0.0149,0.0063,,0.422818792,0,0,500
Flinders-HCHB,2021,Jun (week 3),NL,LP,P,rep3,Frozen,Mysidacea,1,,0.0146,0.0006,,0.04109589,0,0,500
Flinders-HCHB,2021,Jun (week 3),NL,LP,P,rep4,Frozen,Amphipoda,10,,,,,#DIV/0!,#DIV/0!,#DIV/0!,500
Flinders-HCHB,2021,Jun (week 3),NL,LP,P,rep4,Frozen,Arthritica,13,,0.0357,0.0201,,0.56302521,0,0,500
Flinders-HCHB,2021,Jun (week 3),NL,LP,P,rep4,Frozen,Capitella,5,,0.0002,0.0001,,0.5,0,0,500
Flinders-HCHB,2021,Jun (week 3),NL,LP,P,rep4,Frozen,Simplisetia,42,,0.1959,0.0135,,0.068912711,0,0,500
Flinders-HCHB,2021,Jun (week 3),NL,LP,P,rep4,Frozen,Mysidacea,2,,0.028,0.0043,,0.153571429,0,0,500
Flinders-HCHB,2021,Jun (week 3),NL,LP,P,rep4,Frozen,Australonereis,1,,0.152,0.018,,0.118421053,0,0,500
Flinders-HCHB,2021,Jun (week 3),NL,LP,P,rep5,Frozen,Amphipoda,16,,0.0034,0,,0,#DIV/0!,0,500
Flinders-HCHB,2021,Jun (week 3),NL,LP,P,rep5,Frozen,Arthritica,9,,0.0315,0.0117,,0.371428571,0,0,500
Flinders-HCHB,2021,Jun (week 3),NL,LP,P,rep5,Frozen,Capitella,4,,0.0005,0.0004,,0.8,0,0,500
Flinders-HCHB,2021,Jun (week 3),NL,LP,P,rep5,Frozen,Simplisetia,36,,0.2346,0.0137,,0.058397272,0,0,500
Flinders-HCHB,2021,Jun (week 3),NL,LP,P,rep5,Frozen,Chironomidae,3,,0.0002,1E-04,,0.5,0,0,500
Flinders-HCHB,2021,Jun (week 3),NL,NM,I,rep3,Frozen,Amphipoda,5,,0.0059,0,,0,#DIV/0!,0,500
Flinders-HCHB,2021,Jun (week 3),NL,NM,I,rep3,Frozen,Capitella,2,,0.0137,0.0006,,0.04379562,0,0,500
Flinders-HCHB,2021,Jun (week 3),NL,NM,I,rep3,Frozen,Chironomidae,201,,0.1832,0.0691,,0.377183406,0,0,500
Flinders-HCHB,2021,Jun (week 3),NL,NM,I,rep4,Frozen,Amphipoda,4,,0.0022,0.0006,,0.272727273,0,0,500
Flinders-HCHB,2021,Jun (week 3),NL,NM,I,rep4,Frozen,Capitella,6,,0.0024,0.0002,,0.083333333,0,0,500
Flinders-HCHB,2021,Jun (week 3),NL,NM,I,rep4,Frozen,Chironomidae,250,,0.1204,0.0444,,0.368770764,0,0,500
Flinders-HCHB,2021,Jun (week 3),NL,NM,I,rep4,Frozen,Euchone variabilis,6,,,,,#DIV/0!,#DIV/0!,#DIV/0!,500
Flinders-HCHB,2021,Jun (week 3),NL,NM,I,rep5,Frozen,Amphipoda,7,,0.0028,0.0003,,0.107142857,0,0,500
Flinders-HCHB,2021,Jun (week 3),NL,NM,I,rep5,Frozen,Capitella,9,,0.001,0,,0,#DIV/0!,0,500
Flinders-HCHB,2021,Jun (week 3),NL,NM,I,rep5,Frozen,Simplisetia,1,,0.0105,0,,0,#DIV/0!,0,500
Flinders-HCHB,2021,Jun (week 3),NL,NM,I,rep5,Frozen,Chironomidae,108,,0.0549,0.0128,,0.233151184,0,0,500
Flinders-HCHB,2021,Jun (week 3),NL,NM,I,rep5,Frozen,Liloa brevis,2,,0.0305,0.0072,,0.236065574,0,0,500
Flinders-HCHB,2021,Jun (week 3),NL,NM,I,rep5,Frozen,Euchone variabilis,1,,,,,#DIV/0!,#DIV/0!,#DIV/0!,500
Flinders-HCHB,2021,Jun (week 3),NL,NM,I,rep5,Frozen,Australonereis,1,,0.0547,0.0024,,0.043875686,0,0,500
Flinders-HCHB,2021,Jun (week 3),NL,NM,I,rep6,Frozen,Amphipoda,4,,0.0025,0.0009,,0.36,0,0,500
Flinders-HCHB,2021,Jun (week 3),NL,NM,I,rep6,Frozen,Capitella,7,,0.0021,0.0016,,0.761904762,0,0,500
Flinders-HCHB,2021,Jun (week 3),NL,NM,I,rep6,Frozen,Chironomidae,185,,0.0849,0.0211,,0.24852768,0,0,500
Flinders-HCHB,2021,Jun (week 3),NL,NM,I,rep6,Frozen,Euchone variabilis,3,,0.0005,0.0002,,0.4,0,0,500
Flinders-HCHB,2021,Jun (week 3),NL,NM,I,rep6,Frozen,Dolichopodidae,1,,0.0022,0.0007,,0.318181818,0,0,500
Flinders-HCHB,2021,Jun (week 3),NL,NM,I,rep6,Frozen,Diptera,1,,0.0004,0.0003,,0.75,0,0,500
Flinders-HCHB,2021,Jun (week 3),NL,NM,S,rep3,Frozen,Amphipoda,1,,0.0015,0.0005,,0.333333333,0,0,500
Flinders-HCHB,2021,Jun (week 3),NL,NM,S,rep3,Frozen,Capitella,8,,0.0061,0.0004,,0.06557377,0,0,500
Flinders-HCHB,2021,Jun (week 3),NL,NM,S,rep3,Frozen,Chironomidae,6,,0.0039,0.0011,,0.282051282,0,0,500
Flinders-HCHB,2021,Jun (week 3),NL,NM,S,rep3,Frozen,Salinator,1,,0.2062,0.0769,,0.372938894,0,0,500
Flinders-HCHB,2021,Jun (week 3),NL,NM,S,rep4,Frozen,Capitella,69,,0.0494,0.0047,,0.0951417,0,0,500
Flinders-HCHB,2021,Jun (week 3),NL,NM,S,rep4,Frozen,Chironomidae,3,,0.0008,0.0002,,0.25,0,0,500
Flinders-HCHB,2021,Jun (week 3),NL,NM,S,rep4,Frozen,Salinator,5,,0.935,0.3415,,0.365240642,0,0,500
Flinders-HCHB,2021,Jun (week 3),NL,NM,S,rep5,Frozen,Amphipoda,4,,0.002,1E-04,,0.05,0,0,500
Flinders-HCHB,2021,Jun (week 3),NL,NM,S,rep5,Frozen,Capitella,30,,0.1189,0,,0,#DIV/0!,0,500
Flinders-HCHB,2021,Jun (week 3),NL,NM,S,rep5,Frozen,Chironomidae,13,,0.0072,0,,0,#DIV/0!,0,500
Flinders-HCHB,2021,Jun (week 3),NL,NM,S,rep5,Frozen,Salinator,4,,0.854,0.3432,,0.401873536,0,0,500
Flinders-HCHB,2021,Jun (week 3),SL,HG,I,rep4,Frozen,Chironomidae,3,,0.0021,0.0001,,0.047619048,0,0,500
Flinders-HCHB,2021,Jun (week 3),SL,HG,I,rep5,Frozen,Chironomidae,3,,0.0011,0.0002,,0.181818182,0,0,500
Flinders-HCHB,2021,Jun (week 3),SL,HG,I,rep6,Frozen,Chironomidae,3,,0.0017,0,,0,#DIV/0!,0,500
Flinders-HCHB,2021,Jun (week 3),SL,HG,I,rep7,Frozen,Chironomidae,6,,0.154,0.0286,,0.185714286,0,0,500
Flinders-HCHB,2021,Jun (week 3),SL,HG,I,rep7,Frozen,Ostracoda,1,,0,0,,#DIV/0!,#DIV/0!,#DIV/0!,500
Flinders-HCHB,2021,Jun (week 3),SL,HG,I,rep8,Frozen,Chironomidae,3,,0.0052,0.0012,,0.230769231,0,0,500
Flinders-HCHB,2021,Jun (week 3),SL,HG,S,rep4,Frozen,Chironomidae,198,,0,0,,#DIV/0!,#DIV/0!,#DIV/0!,500
Flinders-HCHB,2021,Jun (week 3),SL,HG,S,rep5,Frozen,Chironomidae,80,,0.0671,0.0115,,0.171385991,0,0,500
Flinders-HCHB,2021,Jun (week 3),SL,HG,S,rep5,Frozen,Ostracoda,16,,0.0002,0,,0,#DIV/0!,0,500
Flinders-HCHB,2021,Jun (week 3),SL,HG,S,rep6,Frozen,Chironomidae,70,,0.0424,0.0078,,0.183962264,0,0,500
Flinders-HCHB,2021,Jun (week 3),SL,HG,S,rep7,Frozen,Chironomidae,209,,0.0688,0.0341,,0.495639535,0,0,500
Flinders-HCHB,2021,Jun (week 3),SL,HG,S,rep7,Frozen,Ostracoda,2,,0.0004,0,,0,#DIV/0!,0,500
Flinders-HCHB,2021,Jun (week 3),SL,HG,S,rep8,Frozen,Chironomidae,46,,0.0484,0.0092,,0.190082645,0,0,500
Flinders-HCHB,2021,Jun (week 3),SL,JP,I,rep4,Frozen,Chironomidae,110,,0.0425,0.0048,,0.112941176,0,0,500
Flinders-HCHB,2021,Jun (week 3),SL,JP,I,rep5,Frozen,Chironomidae,114,,0.0393,0.0078,,0.198473282,0,0,500
Flinders-HCHB,2021,Jun (week 3),SL,JP,I,rep5,Frozen,Stratiomyidae,5,,0.0051,0.0021,,0.411764706,0,0,500
Flinders-HCHB,2021,Jun (week 3),SL,JP,I,rep5,Frozen,Ceratopogonidae,2,,0.0009,0,,0,#DIV/0!,0,500
Flinders-HCHB,2021,Jun (week 3),SL,JP,I,rep5,Frozen,Dolichopodidae,1,,0.0038,0.0009,,0.236842105,0,0,500
Flinders-HCHB,2021,Jun (week 3),SL,JP,I,rep6,Frozen,Chironomidae,526,,0.2673,0.0515,,0.192667415,0,0,500
Flinders-HCHB,2021,Jun (week 3),SL,JP,I,rep6,Frozen,Stratiomyidae,2,,0.0155,0,,0,#DIV/0!,0,500
Flinders-HCHB,2021,Jun (week 3),SL,JP,I,rep6,Frozen,Dolichopodidae,4,,0.0067,0.0011,,0.164179104,0,0,500
Flinders-HCHB,2021,Jun (week 3),SL,JP,I,rep7,Frozen,Chironomidae,66,,0.0116,0.0025,,0.215517241,0,0,500
Flinders-HCHB,2021,Jun (week 3),SL,JP,I,rep7,Frozen,Diptera,1,,0.0056,0.0009,,0.160714286,0,0,500
Flinders-HCHB,2021,Jun (week 3),SL,JP,I,rep7,Frozen,Stratiomyidae,3,,0.0036,0.0016,,0.444444444,0,0,500
Flinders-HCHB,2021,Jun (week 3),SL,JP,I,rep8,Frozen,Chironomidae,121,,0.0128,0.0021,,0.1640625,0,0,500
Flinders-HCHB,2021,Jun (week 3),SL,JP,I,rep8,Frozen,Stratiomyidae,11,,0.0287,0.0033,,0.114982578,0,0,500
Flinders-HCHB,2021,Jun (week 3),SL,JP,S,rep4,Frozen,Chironomidae,169,,0.0479,0.0099,,0.206680585,0,0,500
Flinders-HCHB,2021,Jun (week 3),SL,JP,S,rep5,Frozen,Chironomidae,13,,0.0047,1E-04,,0.021276596,0,0,500
Flinders-HCHB,2021,Jun (week 3),SL,JP,S,rep6,Frozen,Chironomidae,62,,0.0203,0.0048,,0.236453202,0,0,500
Flinders-HCHB,2021,Jun (week 3),SL,JP,S,rep6,Frozen,Stratiomyidae,5,,0.0202,0.0061,,0.301980198,0,0,500
Flinders-HCHB,2021,Jun (week 3),SL,JP,S,rep6,Frozen,Dolichopodidae,3,,0.0011,0.0005,,0.454545455,0,0,500
Flinders-HCHB,2021,Jun (week 3),SL,JP,S,rep6,Frozen,Ceratopogonidae,1,,0.0005,0,,0,#DIV/0!,0,500
Flinders-HCHB,2021,Jun (week 3),SL,JP,S,rep6,Frozen,Haloniscus searlei,1,,0.0328,0.0093,,0.283536585,0,0,500
Flinders-HCHB,2021,Jun (week 3),SL,JP,S,rep7,Frozen,Chironomidae,47,,0.0106,0.0055,,0.518867925,0,0,500
Flinders-HCHB,2021,Jun (week 3),SL,JP,S,rep7,Frozen,Diptera,1,,0.0002,0,,0,#DIV/0!,0,500
Flinders-HCHB,2021,Jun (week 3),SL,JP,S,rep7,Frozen,Stratiomyidae,1,,0.0009,0.0002,,0.222222222,0,0,500
Flinders-HCHB,2021,Jun (week 3),SL,JP,S,rep8,Frozen,Chironomidae,75,,0.0291,0.0007,,0.024054983,0,0,500
Flinders-HCHB,2021,Jun (week 3),SL,JP,S,rep8,Frozen,Stratiomyidae,4,,0.0041,0.0014,,0.341463415,0,0,500
Flinders-HCHB,2021,Jun (week 3),SL,SC,I,rep4,Frozen,Chironomidae,9,,0.0097,0,,0,#DIV/0!,0,500
Flinders-HCHB,2021,Jun (week 3),SL,SC,I,rep5,Frozen,Chironomidae,4,,0.0016,0.0006,,0.375,0,0,500
Flinders-HCHB,2021,Jun (week 3),SL,SC,I,rep6,Frozen,Chironomidae,7,,0.0015,0.0002,,0.133333333,0,0,500
Flinders-HCHB,2021,Jun (week 3),SL,SC,I,rep7,Frozen,Chironomidae,5,,0.0007,0.0002,,0.285714286,0,0,500
Flinders-HCHB,2021,Jun (week 3),SL,SC,I,rep8,Frozen,Chironomidae,11,,0.0005,0.0003,,0.6,0,0,500
Flinders-HCHB,2021,Jun (week 3),SL,SC,S,rep5,Frozen,Chironomidae,1,,0.0004,0,,0,#DIV/0!,0,500
Flinders-HCHB,2021,Jun (week 3),SL,SC,S,rep6,Frozen,Chironomidae,2,,0.0014,0.0004,,0.285714286,0,0,500
Flinders-HCHB,2020,Dec,NL,MtA,S,rep1,Frozen,Chironomidae,2,,0.0029,0.0007,,0.24137931,0,0,500
Flinders-HCHB,2020,Dec,NL,MtA,S,rep1,Frozen,Capitella,1,,0,0.0003,,#DIV/0!,0,#DIV/0!,500
Flinders-HCHB,2020,Dec,NL,MtA,S,rep2,Frozen,Chironomidae,10,,0.011,0.0036,,0.327272727,0,0,500
Flinders-HCHB,2020,Dec,NL,MtA,S,rep2,Frozen,Salinator,1,,0.1496,0.0848,,0.56684492,0,0,500
Flinders-HCHB,2020,Dec,NL,MtA,S,rep3,Frozen,Salinator,1,,0.1852,0.0682,,0.36825054,0,0,500
Flinders-HCHB,2020,Dec,NL,MtA,S,rep3,Frozen,Capitella,2,,,,,#DIV/0!,#DIV/0!,#DIV/0!,500
Flinders-HCHB,2020,Dec,NL,MtA,S,rep4,Frozen,Empididae,1,,0.009,0.0005,,0.055555556,0,0,500
Flinders-HCHB,2020,Dec,NL,MtA,S,rep4,Frozen,Capitella,1,,0,0,,#DIV/0!,#DIV/0!,#DIV/0!,500
Flinders-HCHB,2020,Dec,NL,MtA,S,rep5,Frozen,Capitella,3,,0,0.0007,,#DIV/0!,0,#DIV/0!,500
Flinders-HCHB,2020,Dec,NL,MtA,S,rep7,Frozen,Capitella,3,,0.0007,0.0004,,0.571428571,0,0,500
Flinders-HCHB,2020,Dec,NL,MtA,S,rep7,Frozen,Salinator,1,,0.2165,0.0774,,0.357505774,0,0,500
Flinders-HCHB,2021,Mar (week 1),NL,MtA,S,rep1,Frozen,Capitella,2,,0.0004,0.0007,,1.75,0,0,500
Flinders-HCHB,2021,Mar (week 1),NL,MtA,S,rep1,Frozen,Chironomidae,14,,0.0006,0.0015,,2.5,0,0,500
Flinders-HCHB,2021,Mar (week 1),NL,MtA,S,rep2,Frozen,Chironomidae,10,,,,,#DIV/0!,#DIV/0!,#DIV/0!,500
Flinders-HCHB,2021,Mar (week 1),NL,MtA,S,rep3,Frozen,Chironomidae,2,,1E-04,0,,0,#DIV/0!,0,500
Flinders-HCHB,2021,Mar (week 1),NL,MtA,S,rep4,Frozen,Chironomidae,10,,0.0099,0.002,,0.202020202,0,0,500
Flinders-HCHB,2021,Mar (week 1),NL,MtA,S,rep5,Frozen,Capitella,30,,0.0234,0.0008,,0.034188034,0,0,500
Flinders-HCHB,2021,Mar (week 1),NL,MtA,S,rep5,Frozen,Chironomidae,197,,0.234,0.0511,,0.218376068,0,0,500
Flinders-HCHB,2021,Mar (week 1),NL,MtA,S,rep5,Frozen,Salinator,5,,0.4385,0.1717,,0.391562144,0,0,500
Flinders-HCHB,2021,Mar (week 1),NL,MtA,S,rep6,Frozen,Chironomidae,3,,0.0088,0,,0,#DIV/0!,0,500
Flinders-HCHB,2021,Mar (week 1),NL,MtA,S,rep6,Frozen,Capitella,5,,0.0005,0.0008,,1.6,0,0,500
Flinders-HCHB,2021,Mar (week 1),NL,MtA,S,rep7,Frozen,Capitella,17,,0.0014,0.0003,,0.214285714,0,0,500
Flinders-HCHB,2021,Mar (week 1),NL,MtA,S,rep7,Frozen,Chironomidae,35,,0.054,0.0151,,0.27962963,0,0,500
Flinders-HCHB,2021,Mar (week 1),NL,MtA,S,rep7,Frozen,Salinator,2,,0.2218,0.0844,,0.380522994,0,0,500
Flinders-HCHB,2021,Mar (week 1),NL,MtA,S,rep8,Frozen,Chironomidae,4,,0.0012,0.0003,,0.25,0,0,500
Flinders-HCHB,2021,Mar (week 1),NL,MtA,S,rep9,Frozen,Chironomidae,7,,0.0027,0,,0,#DIV/0!,0,500
Flinders-HCHB,2021,Mar (week 1),NL,MtA,S,rep10,Frozen,Chironomidae,13,,0.0266,0.0045,,0.169172932,0,0,500
Flinders-HCHB,2021,Mar (week 1),NL,MP,S,rep8,Frozen,Simplisetia,1,,0.0896,0.0074,,0.082589286,0,0,500
Flinders-HCHB,2021,Mar (week 1),NL,MP,S,rep8,Frozen,Chironomidae,1,,0.0002,0,,0,#DIV/0!,0,500
Flinders-HCHB,2021,Mar (week 1),NL,MP,S,rep8,Frozen,Hydrobiidae,10,,0.0183,0.0102,,0.557377049,0,0,500
Flinders-HCHB,2021,Mar (week 1),NL,MP,P,rep7,Frozen,Amphipoda,13,,0.0061,0,,0,#DIV/0!,0,500
Flinders-HCHB,2021,Mar (week 1),NL,MP,P,rep7,Frozen,Arthritica,112,,0.4821,0.3165,,0.6565028,0,0,500
Flinders-HCHB,2021,Mar (week 1),NL,MP,P,rep7,Frozen,Capitella,12,,0.012,0.001,,0.083333333,0,0,500
Flinders-HCHB,2021,Mar (week 1),NL,MP,P,rep7,Frozen,Simplisetia,31,,0.3249,0.0209,,0.064327485,0,0,500
Flinders-HCHB,2021,Mar (week 1),NL,MP,P,rep8,Frozen,Amphipoda,17,,,,,#DIV/0!,#DIV/0!,#DIV/0!,500
Flinders-HCHB,2021,Mar (week 1),NL,MP,P,rep8,Frozen,Arthritica,141,,0.3492,0.2169,,0.621134021,0,0,500
Flinders-HCHB,2021,Mar (week 1),NL,MP,P,rep8,Frozen,Capitella,1,,0.0018,0,,0,#DIV/0!,0,500
Flinders-HCHB,2021,Mar (week 1),NL,MP,P,rep8,Frozen,Simplisetia,50,,0.2481,0.0273,,0.110036276,0,0,500
Flinders-HCHB,2021,Mar (week 1),NL,MP,P,rep8,Frozen,Chironomidae,1,,0.0017,0.0008,,0.470588235,0,0,500
Flinders-HCHB,2021,Mar (week 1),NL,MP,P,rep8,Frozen,Hydrobiidae,10,,0.017,0.0114,,0.670588235,0,0,500
Flinders-HCHB,2021,Mar (week 1),NL,MP,P,rep8,Frozen,Nephtys,1,,0.3386,0.0151,,0.044595393,0,0,500
Flinders-HCHB,2021,Mar (week 1),NL,MP,P,rep8,Frozen,Arenicolidae,1,,1.1517,0.1198,,0.104020144,0,0,500
Flinders-HCHB,2021,Jun (week 3),NL,MtA,S,rep7,Frozen,Capitella,5,,0.004,0,,0,#DIV/0!,0,500
Flinders-HCHB,2021,Jun (week 3),NL,MtA,S,rep7,Frozen,Chironomidae,13,,0.0029,0.0007,,0.24137931,0,0,500
Flinders-HCHB,2021,Jun (week 3),NL,MtA,S,rep7,Frozen,Mysidacea,1,,0.0109,0.0006,,0.055045872,0,0,500
Flinders-HCHB,2021,Jun (week 3),NL,MtA,S,rep8,Frozen,Capitella,4,,0.0091,0,,0,#DIV/0!,0,500
Flinders-HCHB,2021,Jun (week 3),NL,MtA,S,rep8,Frozen,Chironomidae,10,,0.001,0.0004,,0.4,0,0,500
Flinders-HCHB,2021,Jun (week 3),NL,MtA,S,rep8,Frozen,Mysidacea,3,,0.0437,1E-04,,0.00228833,0,0,500
Flinders-HCHB,2021,Jun (week 3),NL,MtA,S,rep9,Frozen,Capitella,3,,1E-04,0.0006,,6,0,0,500
Flinders-HCHB,2021,Jun (week 3),NL,MtA,S,rep9,Frozen,Chironomidae,11,,0.0046,0.001,,0.217391304,0,0,500
Flinders-HCHB,2021,Jun (week 3),NL,MtA,S,rep10,Frozen,Capitella,3,,0.0021,1E-04,,0.047619048,0,0,500
Flinders-HCHB,2021,Jun (week 3),NL,MtA,S,rep10,Frozen,Chironomidae,8,,0.003,0.0002,,0.066666667,0,0,500
Flinders-HCHB,2021,Jun (week 3),NL,MtA,S,rep11,Frozen,Capitella,5,,0.0028,0.0005,,0.178571429,0,0,500
Flinders-HCHB,2021,Jun (week 3),NL,MtA,S,rep11,Frozen,Chironomidae,10,,0.0042,0.0009,,0.214285714,0,0,500
Flinders-HCHB,2021,Jun (week 3),NL,MtA,S,rep11,Frozen,Spisula,2,,0.0416,0.0252,,0.605769231,0,0,500
Flinders-HCHB,2021,Jun (week 3),NL,MtA,S,rep11,Frozen,Mysidacea,1,,0.0101,0.0018,,0.178217822,0,0,500
Flinders-HCHB,2021,Jun (week 3),NL,MtA,S,rep12,Frozen,Capitella,10,,0.0336,0.0011,,0.032738095,0,0,500
Flinders-HCHB,2021,Jun (week 3),NL,MtA,S,rep12,Frozen,Chironomidae,8,,0.0019,0.0007,,0.368421053,0,0,500
Flinders-HCHB,2021,Jun (week 3),NL,MtA,S,rep13,Frozen,Capitella,5,,0.0135,0.0006,,0.044444444,0,0,500
Flinders-HCHB,2021,Jun (week 3),NL,MtA,S,rep13,Frozen,Chironomidae,7,,0.0041,0.0011,,0.268292683,0,0,500
Flinders-HCHB,2021,Jun (week 3),NL,MtA,S,rep14,Frozen,Capitella,8,,0,0.0002,,#DIV/0!,0,#DIV/0!,500
Flinders-HCHB,2021,Jun (week 3),NL,MtA,S,rep14,Frozen,Chironomidae,6,,0.0031,0.0009,,0.290322581,0,0,500
Flinders-HCHB,2021,Jun (week 3),NL,MtA,S,rep14,Frozen,Spisula,1,,0.0053,0.0049,,0.924528302,0,0,500
Flinders-HCHB,2021,Jun (week 3),NL,MtA,S,rep15,Frozen,Capitella,4,,0.0134,0,,0,#DIV/0!,0,500
Flinders-HCHB,2021,Jun (week 3),NL,MtA,S,rep15,Frozen,Chironomidae,7,,0.0016,0.0005,,0.3125,0,0,500
Flinders-HCHB,2021,Jun (week 3),NL,MtA,S,rep15,Frozen,Mysidacea,2,,0.0147,0.0012,,0.081632653,0,0,500
Flinders-HCHB,2021,Jun (week 3),NL,MtA,S,rep16,Frozen,Chironomidae,12,,0.0091,0.0009,,0.098901099,0,0,500
Flinders-HCHB,2021,Jun (week 3),NL,MtA,S,rep16,Frozen,Mysidacea,1,,0.0134,0.002,,0.149253731,0,0,500
Flinders-HCHB,2021,Jun (week 3),NL,MP,S,rep4,Frozen,Nephtys,1,,0.373,0.0278,,0.074530831,0,0,500
Flinders-HCHB,2021,Jun (week 3),NL,MP,S,rep4,Frozen,Mysidacea,2,,0.0171,0.0016,,0.093567251,0,0,500
Flinders-HCHB,2021,Jun (week 3),NL,MP,S,rep5,Frozen,Arthritica,14,,0.0231,0.01,,0.432900433,0,0,500
Flinders-HCHB,2021,Jun (week 3),NL,MP,S,rep5,Frozen,Simplisetia,1,,0.069,0.0043,,0.062318841,0,0,500
Flinders-HCHB,2021,Jun (week 3),NL,MP,S,rep5,Frozen,Mysidacea,3,,0.0027,0.0003,,0.111111111,0,0,500
Flinders-HCHB,2021,Jun (week 3),NL,MP,S,rep5,Frozen,Phyllodoce,6,,0.6573,0.0513,,0.078046554,0,0,500
Flinders-HCHB,2021,Jun (week 3),NL,MP,S,rep6,Frozen,Amphipoda,2,,0.0009,0.0003,,0.333333333,0,0,500
Flinders-HCHB,2021,Jun (week 3),NL,MP,S,rep6,Frozen,Arthritica,5,,0.0068,0.0028,,0.411764706,0,0,500
Flinders-HCHB,2021,Jun (week 3),NL,MP,S,rep6,Frozen,Simplisetia,1,,0.0173,0,,0,#DIV/0!,0,500
Flinders-HCHB,2021,Jun (week 3),NL,MP,S,rep6,Frozen,Chironomidae,2,,0.012,0.0046,,0.383333333,0,0,500
Flinders-HCHB,2021,Jun (week 3),NL,MP,S,rep6,Frozen,Hydrobiidae,8,,0.0089,0,,0,#DIV/0!,0,500
Flinders-HCHB,2021,Jun (week 3),NL,MP,S,rep6,Frozen,Mysidacea,23,,0.1181,0.0124,,0.104995766,0,0,500
Flinders-HCHB,2021,Jun (week 3),NL,MP,S,rep7,Frozen,Arthritica,1,,0.0047,0.0019,,0.404255319,0,0,500
Flinders-HCHB,2021,Jun (week 3),NL,MP,S,rep7,Frozen,Chironomidae,2,,1E-04,0,,0,#DIV/0!,0,500
Flinders-HCHB,2021,Jun (week 3),NL,MP,S,rep7,Frozen,Hydrobiidae,65,,0.0957,0.042,,0.438871473,0,0,500
Flinders-HCHB,2021,Jun (week 3),NL,MP,S,rep7,Frozen,Mysidacea,5,,0.0225,0.0016,,0.071111111,0,0,500
Flinders-HCHB,2021,Jun (week 3),NL,MP,S,rep8,Frozen,Amphipoda,80,,0.0253,0.0025,,0.098814229,0,0,500
Flinders-HCHB,2021,Jun (week 3),NL,MP,S,rep8,Frozen,Arthritica,18,,0.0365,0.0164,,0.449315068,0,0,500
Flinders-HCHB,2021,Jun (week 3),NL,MP,S,rep8,Frozen,Simplisetia,1,,0.0025,0,,0,#DIV/0!,0,500
Flinders-HCHB,2021,Jun (week 3),NL,MP,S,rep8,Frozen,Chironomidae,5,,0.0146,0.0018,,0.123287671,0,0,500
Flinders-HCHB,2021,Jun (week 3),NL,MP,S,rep8,Frozen,Hydrobiidae,29,,0.039,0.0154,,0.394871795,0,0,500
Flinders-HCHB,2021,Jun (week 3),NL,MP,S,rep8,Frozen,Salinator,2,,0.0005,1E-04,,0.2,0,0,500
Flinders-HCHB,2021,Jun (week 3),NL,MP,P,rep4,Frozen,Amphipoda,12,,0.0118,0,,0,#DIV/0!,0,500
Flinders-HCHB,2021,Jun (week 3),NL,MP,P,rep4,Frozen,Arthritica,3,,0.0139,0.0045,,0.323741007,0,0,500
Flinders-HCHB,2021,Jun (week 3),NL,MP,P,rep4,Frozen,Capitella,13,,,,,#DIV/0!,#DIV/0!,#DIV/0!,500
Flinders-HCHB,2021,Jun (week 3),NL,MP,P,rep4,Frozen,Simplisetia,15,,0.2086,0.0064,,0.030680729,0,0,500
Flinders-HCHB,2021,Jun (week 3),NL,MP,P,rep5,Frozen,Amphipoda,16,,0.005,0.0015,,0.3,0,0,500
Flinders-HCHB,2021,Jun (week 3),NL,MP,P,rep5,Frozen,Arthritica,5,,0.0171,0.0081,,0.473684211,0,0,500
Flinders-HCHB,2021,Jun (week 3),NL,MP,P,rep5,Frozen,Capitella,14,,0.0052,0.0005,,0.096153846,0,0,500
Flinders-HCHB,2021,Jun (week 3),NL,MP,P,rep5,Frozen,Simplisetia,103,,0.473,0.0753,,0.159196617,0,0,500
Flinders-HCHB,2021,Jun (week 3),NL,MP,P,rep5,Frozen,Chironomidae,1,,1E-04,0.0004,,4,0,0,500
Flinders-HCHB,2021,Jun (week 3),NL,MP,P,rep5,Frozen,Hydrobiidae,11,,0.0132,0.007,,0.53030303,0,0,500
Flinders-HCHB,2021,Jun (week 3),NL,MP,P,rep5,Frozen,Mysidacea,2,,0.0136,0.0016,,0.117647059,0,0,500
Flinders-HCHB,2021,Jun (week 3),NL,MP,P,rep6,Frozen,Amphipoda,45,,0.0269,0.0034,,0.126394052,0,0,500
Flinders-HCHB,2021,Jun (week 3),NL,MP,P,rep6,Frozen,Arthritica,109,,0.111,0.0589,,0.530630631,0,0,500
Flinders-HCHB,2021,Jun (week 3),NL,MP,P,rep6,Frozen,Capitella,31,,0.0288,0.0038,,0.131944444,0,0,500
Flinders-HCHB,2021,Jun (week 3),NL,MP,P,rep6,Frozen,Simplisetia,75,,1.05,0.113,,0.107619048,0,0,500
Flinders-HCHB,2021,Jun (week 3),NL,MP,P,rep6,Frozen,Chironomidae,2,,0.0021,0.0013,,0.619047619,0,0,500
Flinders-HCHB,2021,Jun (week 3),NL,MP,P,rep6,Frozen,Hydrobiidae,22,,0.029,0.0141,,0.486206897,0,0,500
Flinders-HCHB,2021,Jun (week 3),NL,MP,P,rep6,Frozen,Mysidacea,1,,0.0079,0.002,,0.253164557,0,0,500
Flinders-HCHB,2021,Jun (week 3),NL,MP,P,rep7,Frozen,Amphipoda,47,,0.0125,0.0015,,0.12,0,0,500
Flinders-HCHB,2021,Jun (week 3),NL,MP,P,rep7,Frozen,Arthritica,70,,0.1317,0.0824,,0.625664389,0,0,500
Flinders-HCHB,2021,Jun (week 3),NL,MP,P,rep7,Frozen,Capitella,17,,0.0094,0.0005,,0.053191489,0,0,500
Flinders-HCHB,2021,Jun (week 3),NL,MP,P,rep7,Frozen,Simplisetia,93,,0.4396,0.0463,,0.105323021,0,0,500
Flinders-HCHB,2021,Jun (week 3),NL,MP,P,rep7,Frozen,Hydrobiidae,127,,0.1294,0.0635,,0.49072643,0,0,500
Flinders-HCHB,2021,Jun (week 3),NL,MP,P,rep7,Frozen,Salinator,4,,0.279,0.1061,,0.380286738,0,0,500
Flinders-HCHB,2021,Jun (week 3),NL,MP,P,rep7,Frozen,Nephtys,1,,0.2395,0.0165,,0.068893528,0,0,500
Flinders-HCHB,2021,Jun (week 3),NL,MP,P,rep7,Frozen,Mysidacea,4,,0.0188,0.0013,,0.069148936,0,0,500
Flinders-HCHB,2021,Jun (week 3),NL,MP,P,rep8,Frozen,Amphipoda,41,,0.0171,0,,0,#DIV/0!,0,500
Flinders-HCHB,2021,Jun (week 3),NL,MP,P,rep8,Frozen,Arthritica,31,,0.0567,0.0166,,0.292768959,0,0,500
Flinders-HCHB,2021,Jun (week 3),NL,MP,P,rep8,Frozen,Capitella,26,,0.0062,0,,0,#DIV/0!,0,500
Flinders-HCHB,2021,Jun (week 3),NL,MP,P,rep8,Frozen,Simplisetia,28,,0.4549,0.049,,0.107715982,0,0,500
Flinders-HCHB,2021,Jun (week 3),NL,MP,P,rep8,Frozen,Chironomidae,1,,0.001,1E-04,,0.1,0,0,500
Flinders-HCHB,2021,Jun (week 3),NL,MP,P,rep8,Frozen,Mysidacea,5,,0.0931,0.0098,,0.105263158,0,0,500
Flinders-HCHB,2020,Sep,MM,B19,P,rep3,Frozen,Arthritica,,,0.7438,0.4024,,0.541005647,0,0,500
Flinders-HCHB,2020,Sep,MM,B19,P,rep4,Frozen,Arthritica,,,0.3265,0.1386,,0.424502297,0,0,500
Flinders-HCHB,2020,Sep,MM,B19,P,rep5,Frozen,Amphipoda,,,0.0211,0.0035,,0.165876777,0,0,500
Flinders-HCHB,2020,Sep,MM,B19,P,rep5,Frozen,Arthritica,,,0.2939,0.1427,,0.485539299,0,0,500
Flinders-HCHB,2020,Sep,MM,B19,S,rep5,Frozen,Amphipoda,,,0.0372,0.0071,,0.190860215,0,0,500
Flinders-HCHB,2020,Sep,MM,B19,S,rep5,Frozen,Arthritica,,,0.465,0.2282,,0.490752688,0,0,500
Flinders-HCHB,2020,Sep,MM,PP,P,rep3,Frozen,Amphipoda,,,0.5738,0.0934,,0.162774486,0,0,500
Flinders-HCHB,2020,Sep,MM,PP,P,rep3,Frozen,Arthritica,,,0.5376,0.3086,,0.574032738,0,0,500
Flinders-HCHB,2020,Sep,MM,PP,P,rep3,Frozen,Capitella,,,0.0965,0.005,,0.051813472,0,0,500
Flinders-HCHB,2020,Sep,MM,PP,P,rep4,Frozen,Amphipoda,,,0.3734,0.0508,,0.136047134,0,0,500
Flinders-HCHB,2020,Sep,MM,PP,S,rep3,Frozen,Amphipoda,,,0.152,0.0185,,0.121710526,0,0,500
Flinders-HCHB,2020,Sep,MM,PP,S,rep3,Frozen,Arthritica,,,0.2183,0.0934,,0.42785158,0,0,500
Flinders-HCHB,2020,Sep,MM,PP,S,rep3,Frozen,Capitella,,,0.0044,0.0003,,0.068181818,0,0,500
Flinders-HCHB,2020,Sep,MM,PP,S,rep4,Frozen,Amphipoda,,,0.473,0.0644,,0.13615222,0,0,500
Flinders-HCHB,2020,Sep,MM,PP,S,rep4,Frozen,Arthritica,,,1.0918,0.5836,,0.534530134,0,0,500
Flinders-HCHB,2020,Sep,MM,PP,S,rep4,Frozen,Capitella,,,0.0007,0.0004,,0.571428571,0,0,500
Flinders-HCHB,2020,Sep,NL,LP,I,rep3,Frozen,Amphipoda,,,0.017,0.0031,,0.182352941,0,0,500
Flinders-HCHB,2020,Sep,NL,LP,I,rep3,Frozen,Capitella,,,0.1324,0.0095,,0.071752266,0,0,500
Flinders-HCHB,2020,Sep,NL,LP,I,rep4,Frozen,Amphipoda,,,0.0162,0.0028,,0.172839506,0,0,500
Flinders-HCHB,2020,Sep,NL,LP,I,rep4,Frozen,Capitella,,,0.098,0.0067,,0.068367347,0,0,500
Flinders-HCHB,2020,Sep,NL,LP,P,rep4,Frozen,Amphipoda,,,0.4391,0.0626,,0.142564336,0,0,500
Flinders-HCHB,2020,Sep,NL,LP,P,rep4,Frozen,Arthritica,,,1.502,0.9079,,0.604460719,0,0,500
Flinders-HCHB,2020,Sep,NL,LP,P,rep4,Frozen,Capitella,,,0.043,0.0029,,0.06744186,0,0,500
Flinders-HCHB,2020,Sep,NL,LP,P,rep5,Frozen,Amphipoda,,,0.2354,0.0346,,0.146983857,0,0,500
Flinders-HCHB,2020,Sep,NL,LP,P,rep5,Frozen,Arthritica,,,1.1694,0.6745,,0.576791517,0,0,500
Flinders-HCHB,2020,Sep,NL,LP,P,rep5,Frozen,Capitella,,,0.1239,0.0078,,0.062953995,0,0,500
Flinders-HCHB,2020,Sep,NL,LP,S,rep4,Frozen,Amphipoda,,,0.2571,0.0377,,0.14663555,0,0,500
Flinders-HCHB,2020,Sep,NL,LP,S,rep4,Frozen,Arthritica,,,1.4509,0.8371,,0.576952237,0,0,500
Flinders-HCHB,2020,Sep,NL,LP,S,rep4,Frozen,Capitella,,,0.049,0.0033,,0.067346939,0,0,500
Flinders-HCHB,2020,Sep,NL,LP,S,rep5,Frozen,Amphipoda,,,0.3068,0.0372,,0.12125163,0,0,500
Flinders-HCHB,2020,Sep,NL,LP,S,rep5,Frozen,Arthritica,,,2.1345,1.1351,,0.531787304,0,0,500
Flinders-HCHB,2020,Sep,NL,LP,S,rep5,Frozen,Capitella,,,0.0394,0.002,,0.050761421,0,0,500
Flinders-HCHB,2020,Sep,NL,NM,I,rep4,Frozen,Amphipoda,,,0.0058,0.0008,,0.137931034,0,0,500
Flinders-HCHB,2020,Sep,NL,NM,I,rep4,Frozen,Capitella,,,0.0206,0.0024,,0.116504854,0,0,500
Flinders-HCHB,2020,Sep,NL,NM,I,rep5,Frozen,Amphipoda,,,0.0011,0.0004,,0.363636364,0,0,500
Flinders-HCHB,2020,Sep,NL,NM,I,rep5,Frozen,Capitella,,,0.0074,0.0005,,0.067567568,0,0,500
Flinders-HCHB,2020,Sep,NL,NM,P,rep3,Frozen,Capitella,,,0.3977,0.0321,,0.080714106,0,0,500
Flinders-HCHB,2020,Sep,NL,NM,P,rep5,Frozen,Capitella,,,0.3193,0.0173,,0.054181021,0,0,500
Flinders-HCHB,2020,Sep,NL,NM,S,rep3,Frozen,Capitella,,,0.0011,0.0005,,0.454545455,0,0,500
Flinders-HCHB,2020,Dec,MM,B19,I,rep4,Frozen,Amphipoda,,,0.0668,0.0083,,0.124251497,0,0,500
Flinders-HCHB,2020,Dec,MM,B19,P,rep3,Frozen,Amphipoda,,,0.0738,0.0079,,0.10704607,0,0,500
Flinders-HCHB,2020,Dec,MM,B19,P,rep3,Frozen,Arthritica,,,0.234,0.1128,,0.482051282,0,0,500
Flinders-HCHB,2020,Dec,MM,B19,S,rep3,Frozen,Capitella,,,0.0042,0.0019,,0.452380952,0,0,500
Flinders-HCHB,2020,Dec,MM,PP,I,rep3,Frozen,Amphipoda,,,0.0613,0.012,,0.195758564,0,0,500
Flinders-HCHB,2020,Dec,MM,PP,I,rep4,Frozen,Amphipoda,,,0.0176,0.0035,,0.198863636,0,0,500
Flinders-HCHB,2020,Dec,MM,PP,P,rep3,Frozen,Amphipoda,,,0.1889,0.0277,,0.146638433,0,0,500
Flinders-HCHB,2020,Dec,MM,PP,P,rep3,Frozen,Arthritica,,,0.5661,0.3031,,0.535417771,0,0,500
Flinders-HCHB,2020,Dec,MM,PP,P,rep4,Frozen,Amphipoda,,,0.0863,0.0108,,0.125144844,0,0,500
Flinders-HCHB,2020,Dec,MM,PP,P,rep4,Frozen,Arthritica,,,0.3827,0.2175,,0.568330285,0,0,500
Flinders-HCHB,2020,Dec,MM,PP,S,rep3,Frozen,Amphipoda,,,0.0934,0.0104,,0.111349036,0,0,500
Flinders-HCHB,2020,Dec,MM,PP,S,rep3,Frozen,Arthritica,,,0.1348,0.0739,,0.548219585,0,0,500
Flinders-HCHB,2020,Dec,MM,PP,S,rep3,Frozen,Capitella,,,0.0113,0,,0,#DIV/0!,0,500
Flinders-HCHB,2020,Dec,MM,PP,S,rep4,Frozen,Amphipoda,,,0.0128,0.0025,,0.1953125,0,0,500
Flinders-HCHB,2020,Dec,MM,PP,S,rep4,Frozen,Arthritica,,,0.183,0.0872,,0.476502732,0,0,500
Flinders-HCHB,2020,Dec,MM,PP,S,rep4,Frozen,Capitella,,,0.0084,0.0006,,0.071428571,0,0,500
Flinders-HCHB,2020,Dec,NL,LP,I,rep3,Frozen,Amphipoda,,,0.0225,0.0019,,0.084444444,0,0,500
Flinders-HCHB,2020,Dec,NL,LP,I,rep3,Frozen,Arthritica,,,0.0846,0.0468,,0.553191489,0,0,500
Flinders-HCHB,2020,Dec,NL,LP,I,rep3,Frozen,Capitella,,,0.0493,0.0028,,0.056795132,0,0,500
Flinders-HCHB,2020,Dec,NL,LP,I,rep4,Frozen,Amphipoda,,,0.0169,0.0041,,0.24260355,0,0,500
Flinders-HCHB,2020,Dec,NL,LP,I,rep4,Frozen,Arthritica,,,0.138,0.0772,,0.55942029,0,0,500
Flinders-HCHB,2020,Dec,NL,LP,I,rep4,Frozen,Capitella,,,0.0176,0.0028,,0.159090909,0,0,500
Flinders-HCHB,2020,Dec,NL,LP,P,rep3,Frozen,Amphipoda,,,0.1357,0.0175,,0.128960943,0,0,500
Flinders-HCHB,2020,Dec,NL,LP,P,rep3,Frozen,Arthritica,,,0.932,0.4694,,0.503648069,0,0,500
Flinders-HCHB,2020,Dec,NL,LP,P,rep4,Frozen,Amphipoda,,,0.1025,0.0152,,0.148292683,0,0,500
Flinders-HCHB,2020,Dec,NL,LP,P,rep4,Frozen,Arthritica,,,0.6316,0.3483,,0.551456618,0,0,500
Flinders-HCHB,2020,Dec,NL,LP,P,rep4,Frozen,Capitella,,,0.0328,0.0017,,0.051829268,0,0,500
Flinders-HCHB,2020,Dec,NL,LP,S,rep3,Frozen,Amphipoda,,,0.1206,0.0168,,0.139303483,0,0,500
Flinders-HCHB,2020,Dec,NL,LP,S,rep3,Frozen,Arthritica,,,0.435,0.2154,,0.495172414,0,0,500
Flinders-HCHB,2020,Dec,NL,LP,S,rep3,Frozen,Capitella,,,0.0168,0,,0,#DIV/0!,0,500
Flinders-HCHB,2020,Dec,NL,NM,P,rep3,Frozen,Capitella,,,0.0221,0,,0,#DIV/0!,0,500
Flinders-HCHB,2020,Dec,NL,NM,P,rep4,Frozen,Capitella,,,0.0025,0,,0,#DIV/0!,0,500
Flinders-HCHB,2020,Dec,NL,NM,S,rep3,Frozen,Capitella,,,0.5291,0.0148,,0.027972028,0,0,500
Flinders-HCHB,2020,Dec,NL,NM,S,rep4,Frozen,Capitella,,,0.4388,0.0144,,0.032816773,0,0,500
Flinders-HCHB,2021,Mar (week 1),MM,B19,I,rep5,Frozen,Amphipoda,,,0.0407,0.0056,,0.137592138,0,0,500
Flinders-HCHB,2021,Mar (week 1),MM,B19,I,rep6,Frozen,Amphipoda,,,0.0595,0.0095,,0.159663866,0,0,500
Flinders-HCHB,2021,Mar (week 1),MM,B19,I,rep6,Frozen,Arthritica,,,0.1335,0.0802,,0.600749064,0,0,500
Flinders-HCHB,2021,Mar (week 1),MM,B19,P,rep3,Frozen,Amphipoda,,,0.2034,0.0281,,0.138151426,0,0,500
Flinders-HCHB,2021,Mar (week 1),MM,B19,P,rep3,Frozen,Arthritica,,,0.5538,0.2555,,0.461357891,0,0,500
Flinders-HCHB,2021,Mar (week 1),MM,B19,P,rep4,Frozen,Amphipoda,,,0.1039,0.0137,,0.131857555,0,0,500
Flinders-HCHB,2021,Mar (week 1),MM,B19,P,rep4,Frozen,Arthritica,,,0.1442,0.0735,,0.509708738,0,0,500
Flinders-HCHB,2021,Mar (week 1),MM,B19,P,rep5,Frozen,Amphipoda,,,0.1147,0.0162,,0.141238012,0,0,500
Flinders-HCHB,2021,Mar (week 1),MM,B19,P,rep5,Frozen,Arthritica,,,0.3224,0.1544,,0.478908189,0,0,500
Flinders-HCHB,2021,Mar (week 1),MM,B19,S,rep4,Frozen,Arthritica,,,0.0974,0.0371,,0.380903491,0,0,500
Flinders-HCHB,2021,Mar (week 1),MM,B19,S,rep5,Frozen,Amphipoda,,,0,0,,#DIV/0!,#DIV/0!,#DIV/0!,500
Flinders-HCHB,2021,Mar (week 1),MM,B19,S,rep5,Frozen,Arthritica,,,0.039,0.0194,,0.497435897,0,0,500
Flinders-HCHB,2021,Mar (week 1),MM,PP,I,rep4,Frozen,Arthritica,,,0.1189,0.0695,,0.584524811,0,0,500
Flinders-HCHB,2021,Mar (week 1),MM,PP,I,rep5,Frozen,Arthritica,,,0.0468,0.0194,,0.414529915,0,0,500
Flinders-HCHB,2021,Mar (week 1),MM,PP,I,rep6,Frozen,Amphipoda,,,0.0035,1E-04,,0.028571429,0,0,500
Flinders-HCHB,2021,Mar (week 1),MM,PP,I,rep6,Frozen,Arthritica,,,0.2452,0.1307,,0.533034258,0,0,500
Flinders-HCHB,2021,Mar (week 1),MM,PP,P,rep3,Frozen,Amphipoda,,,0.0039,0.0013,,0.333333333,0,0,500
Flinders-HCHB,2021,Mar (week 1),MM,PP,P,rep3,Frozen,Arthritica,,,0.0535,0.0261,,0.487850467,0,0,500
Flinders-HCHB,2021,Mar (week 1),MM,PP,P,rep3,Frozen,Capitella,,,0.0422,0.0032,,0.075829384,0,0,500
Flinders-HCHB,2021,Mar (week 1),MM,PP,P,rep4,Frozen,Arthritica,,,0.0486,0.0214,,0.440329218,0,0,500
Flinders-HCHB,2021,Mar (week 1),MM,PP,P,rep4,Frozen,Capitella,,,0.1453,0.0049,,0.033723331,0,0,500
Flinders-HCHB,2021,Mar (week 1),MM,PP,P,rep5,Frozen,Capitella,,,0.0415,0.0045,,0.108433735,0,0,500
Flinders-HCHB,2021,Mar (week 1),MM,PP,S,rep3,Frozen,Arthritica,,,0.2215,0.1039,,0.469074492,0,0,500
Flinders-HCHB,2021,Mar (week 1),MM,PP,S,rep3,Frozen,Capitella,,,0.0547,0.0024,,0.043875686,0,0,500
Flinders-HCHB,2021,Mar (week 1),MM,PP,S,rep4,Frozen,Amphipoda,,,0.0231,0.0026,,0.112554113,0,0,500
Flinders-HCHB,2021,Mar (week 1),MM,PP,S,rep4,Frozen,Arthritica,,,0.418,0.2092,,0.500478469,0,0,500
Flinders-HCHB,2021,Mar (week 1),MM,PP,S,rep5,Frozen,Amphipoda,,,0.1076,0.0136,,0.126394052,0,0,500
Flinders-HCHB,2021,Mar (week 1),MM,PP,S,rep5,Frozen,Arthritica,,,0.2872,0.1384,,0.48189415,0,0,500
Flinders-HCHB,2021,Mar (week 1),NL,LP,I,rep4,Frozen,Amphipoda,,,0.0243,0.003,,0.12345679,0,0,500
Flinders-HCHB,2021,Mar (week 1),NL,LP,I,rep4,Frozen,Arthritica,,,0.417,0.2538,,0.608633094,0,0,500
Flinders-HCHB,2021,Mar (week 1),NL,LP,I,rep4,Frozen,Capitella,,,0.0428,0.004,,0.093457944,0,0,500
Flinders-HCHB,2021,Mar (week 1),NL,LP,I,rep5,Frozen,Amphipoda,,,0.0029,0.0007,,0.24137931,0,0,500
Flinders-HCHB,2021,Mar (week 1),NL,LP,I,rep5,Frozen,Arthritica,,,0.0539,0.0405,,0.751391466,0,0,500
Flinders-HCHB,2021,Mar (week 1),NL,LP,I,rep5,Frozen,Capitella,,,0,0,,#DIV/0!,#DIV/0!,#DIV/0!,500
Flinders-HCHB,2021,Mar (week 1),NL,LP,I,rep6,Frozen,Amphipoda,,,0.0029,0.0004,,0.137931034,0,0,500
Flinders-HCHB,2021,Mar (week 1),NL,LP,I,rep6,Frozen,Arthritica,,,0.0987,0.0562,,0.569402229,0,0,500
Flinders-HCHB,2021,Mar (week 1),NL,LP,I,rep6,Frozen,Capitella,,,0.0151,0,,0,#DIV/0!,0,500
Flinders-HCHB,2021,Mar (week 1),NL,LP,S,rep5,Frozen,Amphipoda,,,0.0026,0.0011,,0.423076923,0,0,500
Flinders-HCHB,2021,Mar (week 1),NL,LP,S,rep5,Frozen,Arthritica,,,0.0169,0.0108,,0.639053254,0,0,500
Flinders-HCHB,2021,Mar (week 1),NL,MP,P,rep7,Frozen,Amphipoda,,,0.0485,0.0039,,0.080412371,0,0,500
Flinders-HCHB,2021,Mar (week 1),NL,MP,P,rep7,Frozen,Arthritica,,,0.7684,0.3984,,0.518479958,0,0,500
Flinders-HCHB,2021,Mar (week 1),NL,MP,P,rep7,Frozen,Capitella,,,0.0496,0,,0,#DIV/0!,0,500
Flinders-HCHB,2021,Mar (week 1),NL,MP,S,rep7,Frozen,Amphipoda,,,0.0023,0.0019,,0.826086957,0,0,500
Flinders-HCHB,2021,Mar (week 1),NL,MP,S,rep8,Frozen,Amphipoda,,,0.0052,0,,0,#DIV/0!,0,500
Flinders-HCHB,2021,Mar (week 1),NL,MP,S,rep8,Frozen,Arthritica,,,0.0128,0,,0,#DIV/0!,0,500
Flinders-HCHB,2021,Mar (week 1),NL,NM,I,rep3,Frozen,Capitella,,,0.1025,0.0045,,0.043902439,0,0,500
Flinders-HCHB,2021,Mar (week 1),NL,NM,I,rep5,Frozen,Capitella,,,0.0037,0,,0,#DIV/0!,0,500
Flinders-HCHB,2021,Mar (week 1),NL,NM,I,rep6,Frozen,Capitella,,,0.0103,1E-04,,0.009708738,0,0,500
Flinders-HCHB,2021,Jun (week 3),MM,B19,I,rep4,Frozen,Amphipoda,,,0.0418,0.0032,,0.076555024,0,0,500
Flinders-HCHB,2021,Jun (week 3),MM,B19,I,rep4,Frozen,Arthritica,,,0.3213,0.1579,,0.491441021,0,0,500
Flinders-HCHB,2021,Jun (week 3),MM,B19,I,rep4,Frozen,Capitella,,,0.0012,0,,0,#DIV/0!,0,500
Flinders-HCHB,2021,Jun (week 3),MM,B19,I,rep5,Frozen,Amphipoda,,,0.0642,0.0086,,0.133956386,0,0,500
Flinders-HCHB,2021,Jun (week 3),MM,B19,I,rep5,Frozen,Arthritica,,,0.0299,0.0128,,0.428093645,0,0,500
Flinders-HCHB,2021,Jun (week 3),MM,B19,I,rep6,Frozen,Amphipoda,,,0.0392,0.0052,,0.132653061,0,0,500
Flinders-HCHB,2021,Jun (week 3),MM,B19,I,rep6,Frozen,Arthritica,,,0.295,0.1228,,0.416271186,0,0,500
Flinders-HCHB,2021,Jun (week 3),MM,B19,P,rep3,Frozen,Amphipoda,,,0.0846,0.0157,,0.185579196,0,0,500
Flinders-HCHB,2021,Jun (week 3),MM,B19,P,rep3,Frozen,Arthritica,,,0.441,0.2449,,0.555328798,0,0,500
Flinders-HCHB,2021,Jun (week 3),MM,B19,P,rep3,Frozen,Capitella,,,0.0007,0.0004,,0.571428571,0,0,500
Flinders-HCHB,2021,Jun (week 3),MM,B19,P,rep4,Frozen,Amphipoda,,,0.1008,0.0152,,0.150793651,0,0,500
Flinders-HCHB,2021,Jun (week 3),MM,B19,P,rep4,Frozen,Arthritica,,,0.4874,0.2144,,0.439885105,0,0,500
Flinders-HCHB,2021,Jun (week 3),MM,B19,P,rep4,Frozen,Capitella,,,0.001,0,,0,#DIV/0!,0,500
Flinders-HCHB,2021,Jun (week 3),MM,B19,P,rep5,Frozen,Amphipoda,,,0.1105,0.0181,,0.163800905,0,0,500
Flinders-HCHB,2021,Jun (week 3),MM,B19,P,rep5,Frozen,Arthritica,,,0.4124,0.2053,,0.497817653,0,0,500
Flinders-HCHB,2021,Jun (week 3),MM,B19,S,rep5,Frozen,Amphipoda,,,0.076,0.0095,,0.125,0,0,500
Flinders-HCHB,2021,Jun (week 3),MM,B19,S,rep5,Frozen,Arthritica,,,0.7108,0.3218,,0.452729319,0,0,500
Flinders-HCHB,2021,Jun (week 3),MM,B19,S,rep5,Frozen,Capitella,,,0.0005,0,,0,#DIV/0!,0,500
Flinders-HCHB,2021,Jun (week 3),MM,PP,I,rep6,Frozen,Amphipoda,,,0.0013,0,,0,#DIV/0!,0,500
Flinders-HCHB,2021,Jun (week 3),MM,PP,P,rep3,Frozen,Amphipoda,,,0.0179,0.0031,,0.173184358,0,0,500
Flinders-HCHB,2021,Jun (week 3),MM,PP,P,rep3,Frozen,Arthritica,,,0.2062,0.097,,0.470417071,0,0,500
Flinders-HCHB,2021,Jun (week 3),MM,PP,P,rep4,Frozen,Amphipoda,,,0,0,,#DIV/0!,#DIV/0!,#DIV/0!,500
Flinders-HCHB,2021,Jun (week 3),MM,PP,P,rep4,Frozen,Arthritica,,,0.1558,0.0993,,0.637355584,0,0,500
Flinders-HCHB,2021,Jun (week 3),MM,PP,S,rep3,Frozen,Amphipoda,,,0.2151,0.0268,,0.124593212,0,0,500
Flinders-HCHB,2021,Jun (week 3),MM,PP,S,rep3,Frozen,Arthritica,,,0.2995,0.1472,,0.49148581,0,0,500
Flinders-HCHB,2021,Jun (week 3),MM,PP,S,rep5,Frozen,Amphipoda,,,1.7874,0.2455,,0.137350341,0,0,500
Flinders-HCHB,2021,Jun (week 3),MM,PP,S,rep5,Frozen,Arthritica,,,0.3442,0.1511,,0.43898896,0,0,500
Flinders-HCHB,2021,Jun (week 3),NL,LP,I,rep3,Frozen,Amphipoda,,,0.0216,0.0031,,0.143518519,0,0,500
Flinders-HCHB,2021,Jun (week 3),NL,LP,I,rep4,Frozen,Amphipoda,,,0.006,0.0009,,0.15,0,0,500
Flinders-HCHB,2021,Jun (week 3),NL,LP,I,rep6,Frozen,Amphipoda,,,0.0144,0.0019,,0.131944444,0,0,500
Flinders-HCHB,2021,Jun (week 3),NL,LP,I,rep6,Frozen,Capitella,,,0.0002,0,,0,#DIV/0!,0,500
Flinders-HCHB,2021,Jun (week 3),NL,LP,P,rep3,Frozen,Amphipoda,,,0.0564,0.0073,,0.129432624,0,0,500
Flinders-HCHB,2021,Jun (week 3),NL,LP,P,rep3,Frozen,Arthritica,,,0.3733,0.231,,0.61880525,0,0,500
Flinders-HCHB,2021,Jun (week 3),NL,LP,P,rep3,Frozen,Capitella,,,0.0236,0.0014,,0.059322034,0,0,500
Flinders-HCHB,2021,Jun (week 3),NL,LP,P,rep3,Frozen,Amphipoda,,,0.1125,0.0107,,0.095111111,0,0,500
Flinders-HCHB,2021,Jun (week 3),NL,LP,P,rep4,Frozen,Amphipoda,,,0.0203,0.0027,,0.133004926,0,0,500
Flinders-HCHB,2021,Jun (week 3),NL,LP,P,rep4,Frozen,Capitella,,,0.0023,0.0009,,0.391304348,0,0,500
Flinders-HCHB,2021,Jun (week 3),NL,LP,S,rep5,Frozen,Amphipoda,,,0,0,,#DIV/0!,#DIV/0!,#DIV/0!,500
Flinders-HCHB,2021,Jun (week 3),NL,MP,P,rep4,Frozen,Amphipoda,,,0.018,0.0035,,0.194444444,0,0,500
Flinders-HCHB,2021,Jun (week 3),NL,MP,P,rep4,Frozen,Arthritica,,,0.1444,0.0873,,0.604570637,0,0,500
Flinders-HCHB,2021,Jun (week 3),NL,MP,P,rep4,Frozen,Capitella,,,0.0369,0,,0,#DIV/0!,0,500
Flinders-HCHB,2021,Jun (week 3),NL,MP,P,rep5,Frozen,Amphipoda,,,0.0326,0.0042,,0.128834356,0,0,500
Flinders-HCHB,2021,Jun (week 3),NL,MP,P,rep8,Frozen,Amphipoda,,,0.0332,0,,0,#DIV/0!,0,500
Flinders-HCHB,2021,Jun (week 3),NL,MP,P,rep8,Frozen,Arthritica,,,0.0596,0.0367,,0.615771812,0,0,500
Flinders-HCHB,2021,Jun (week 3),NL,MP,P,rep8,Frozen,Capitella,,,0.0188,0.0005,,0.026595745,0,0,500
Flinders-HCHB,2021,Jun (week 3),NL,MP,S,rep4,Frozen,Amphipoda,,,0.0024,0.0004,,0.166666667,0,0,500
Flinders-HCHB,2021,Jun (week 3),NL,MP,S,rep4,Frozen,Arthritica,,,0.2817,0.1406,,0.499112531,0,0,500
Flinders-HCHB,2021,Jun (week 3),NL,MP,S,rep5,Frozen,Amphipoda,,,0.0092,0.0013,,0.141304348,0,0,500
Flinders-HCHB,2021,Jun (week 3),NL,MP,S,rep5,Frozen,Arthritica,,,0.6514,0.3123,,0.479428922,0,0,500
Flinders-HCHB,2021,Jun (week 3),NL,MP,S,rep6,Frozen,Amphipoda,,,0.1656,0.0182,,0.109903382,0,0,500
Flinders-HCHB,2021,Jun (week 3),NL,MP,S,rep6,Frozen,Arthritica,,,1.3769,0.6252,,0.454063476,0,0,500
Flinders-HCHB,2021,Jun (week 3),NL,MP,S,rep7,Frozen,Amphipoda,,,0.0115,0.002,,0.173913043,0,0,500
Flinders-HCHB,2021,Jun (week 3),NL,MP,S,rep7,Frozen,Arthritica,,,0.602,0.2907,,0.482890365,0,0,500
Flinders-HCHB,2021,Jun (week 3),NL,MP,S,rep7,Frozen,Capitella,,,0.001,0.0002,,0.2,0,0,500
Flinders-HCHB,2021,Jun (week 3),NL,MP,S,rep8,Frozen,Amphipoda,,,0.182,0.0276,,0.151648352,0,0,500
Flinders-HCHB,2021,Jun (week 3),NL,MP,S,rep8,Frozen,Arthritica,,,0.6105,0.296,,0.484848485,0,0,500
Flinders-HCHB,2021,Jun (week 3),NL,MtA,S,rep10,Frozen,Capitella,,,0.1042,0.0093,,0.08925144,0,0,500
Flinders-HCHB,2021,Jun (week 3),NL,MtA,S,rep11,Frozen,Capitella,,,0.0887,0.0049,,0.05524239,0,0,500
Flinders-HCHB,2021,Jun (week 3),NL,MtA,S,rep12,Frozen,Capitella,,,0.0341,0.0011,,0.032258065,0,0,500
Flinders-HCHB,2021,Jun (week 3),NL,MtA,S,rep13,Frozen,Capitella,,,0.2209,0.0073,,0.033046627,0,0,500
Flinders-HCHB,2021,Jun (week 3),NL,MtA,S,rep14,Frozen,Capitella,,,0.1768,0.0066,,0.037330317,0,0,500
Flinders-HCHB,2021,Jun (week 3),NL,MtA,S,rep8,Frozen,Capitella,,,0.0085,0,,0,#DIV/0!,0,500
Flinders-HCHB,2021,Jun (week 3),NL,MtA,S,rep9,Frozen,Capitella,,,0.0793,0.1061,,1.337957125,0,0,500
Flinders-HCHB,2021,Jun (week 3),NL,NM,I,rep4,Frozen,Amphipoda,,,0.0234,0.0035,,0.14957265,0,0,500
Flinders-HCHB,2021,Jun (week 3),NL,NM,I,rep4,Frozen,Capitella,,,0.0024,0,,0,#DIV/0!,0,500
Flinders-HCHB,2021,Jun (week 3),NL,NM,I,rep5,Frozen,Amphipoda,,,0.0173,0.0018,,0.104046243,0,0,500
Flinders-HCHB,2021,Jun (week 3),NL,NM,I,rep6,Frozen,Amphipoda,,,0.0209,0.0028,,0.133971292,0,0,500
Flinders-HCHB,2021,Jun (week 3),NL,NM,I,rep6,Frozen,Capitella,,,0.0013,0.0002,,0.153846154,0,0,500
Flinders-HCHB,2021,Jun (week 3),NL,NM,S,rep3,Frozen,Amphipoda,,,0.0047,0.0002,,0.042553191,0,0,500
Flinders-HCHB,2021,Jun (week 3),NL,NM,S,rep3,Frozen,Capitella,,,0.2086,0.0146,,0.069990412,0,0,500
Flinders-HCHB,2021,Jun (week 3),NL,NM,S,rep4,Frozen,Amphipoda,,,0.0004,0,,0,#DIV/0!,0,500
Flinders-HCHB,2021,Jun (week 3),NL,NM,S,rep4,Frozen,Capitella,,,0.218,0.0178,,0.081651376,0,0,500
Flinders-HCHB,2021,Sep,MM,B19,P,1,Frozen,Amphipoda,65,,0.0184,0.0029,0.0013,0.157608696,0.448275862,0.070652174,500
Flinders-HCHB,2021,Sep,MM,B19,P,1,Frozen,Arthritica,28,,0.0357,0.02,0.0009,0.56022409,0.045,0.025210084,500
Flinders-HCHB,2021,Sep,MM,B19,P,1,Frozen,Simplisetia,65,,0.2205,0.0147,0.0077,0.066666667,0.523809524,0.034920635,500
Flinders-HCHB,2021,Sep,MM,B19,P,1,Frozen,Chironomidae,76,,0.0258,0.004,0.0022,0.15503876,0.55,0.085271318,500
Flinders-HCHB,2021,Sep,MM,B19,P,1,Frozen,Hydrobiidae,170,,0.3067,0.155,0.0159,0.50537985,0.102580645,0.051842191,500
Flinders-HCHB,2021,Sep,MM,B19,P,1,Frozen,Boccardiella,2,,,,,,,,500
Flinders-HCHB,2021,Sep,MM,B19,P,1,Frozen,Salinator,4,,0.717,0.2969,0.029,0.414086471,0.097675985,0.040446304,500
Flinders-HCHB,2021,Sep,MM,B19,P,1,Frozen,Amphipoda,,,0.1255,0.017,0.012,0.135458167,0.705882353,0.09561753,500
Flinders-HCHB,2021,Sep,MM,B19,P,1,Frozen,Arthritica - flesh,,0.2528,0.0498,0.0034,0.0022,0.068273092,0.647058824,0.044176707,500
Flinders-HCHB,2021,Sep,MM,B19,P,1,Frozen,Arthritica - shell,,,0.203,0.1703,0.0042,0.838916256,0.024662361,0.020689655,500
Flinders-HCHB,2021,Sep,MM,B19,P,2,Frozen,Amphipoda,49,,0.0144,0.0024,,0.166666667,,,500
Flinders-HCHB,2021,Sep,MM,B19,P,2,Frozen,Arthritica,10,,0.0162,0.0094,0.0002,0.580246914,0.021276596,0.012345679,500
Flinders-HCHB,2021,Sep,MM,B19,P,2,Frozen,Simplisetia,41,,0.2121,0.009,,0.042432815,,,500
Flinders-HCHB,2021,Sep,MM,B19,P,2,Frozen,Chironomidae,64,,0.0318,0.0053,,0.166666667,,,500
Flinders-HCHB,2021,Sep,MM,B19,P,2,Frozen,Hydrobiidae,125,,0.2239,0.1144,0.0149,0.510942385,0.130244755,0.066547566,500
Flinders-HCHB,2021,Sep,MM,B19,P,2,Frozen,Boccardiella,5,,0.0009,0.0003,,0.333333333,,,500
Flinders-HCHB,2021,Sep,MM,B19,P,2,Frozen,Salinator - flesh,3,,0.0398,0.0051,,0.128140704,,,500
Flinders-HCHB,2021,Sep,MM,B19,P,2,Frozen,Salinator - shell,,,0.0743,0.0316,0.0007,0.425302826,0.022151899,0.009421265,500
Flinders-HCHB,2021,Sep,MM,B19,P,2,Frozen,Arthritica - flesh,,0.1721,0.0353,0.002,,0.056657224,,,500
Flinders-HCHB,2021,Sep,MM,B19,P,2,Frozen,Arthritica - shell,,,0.1368,0.1182,0.0029,0.864035088,0.024534687,0.02119883,500
Flinders-HCHB,2021,Sep,MM,B19,P,2,Frozen,Amphipoda,,,0.1482,0.0194,,0.130904184,,,500
Flinders-HCHB,2021,Sep,MM,B19,P,3,Frozen,Amphipoda,25,,0.0063,0.0014,0.001,0.222222222,0.714285714,0.158730159,500
Flinders-HCHB,2021,Sep,MM,B19,P,3,Frozen,Arthritica,17,,0.0237,0.0111,0.0006,0.46835443,0.054054054,0.025316456,500
Flinders-HCHB,2021,Sep,MM,B19,P,3,Frozen,Simplisetia,34,,0.0489,0.0021,0.0022,0.042944785,1.047619048,0.044989775,500
Flinders-HCHB,2021,Sep,MM,B19,P,3,Frozen,Chironomidae,58,,0.0307,0.0046,0.0032,0.149837134,0.695652174,0.104234528,500
Flinders-HCHB,2021,Sep,MM,B19,P,3,Frozen,Hydrobiidae,85,,0.1092,0.0564,0.0071,0.516483516,0.125886525,0.065018315,500
Flinders-HCHB,2021,Sep,MM,B19,P,3,Frozen,Salinator,7,,0.0348,0.0147,0.0019,0.422413793,0.129251701,0.054597701,500
Flinders-HCHB,2021,Sep,MM,B19,P,3,Frozen,Amphipoda,,,0.2046,0.0232,0.0149,0.113391984,0.642241379,0.072825024,500
Flinders-HCHB,2021,Sep,MM,B19,P,3,Frozen,Arthritica - flesh,155,0.3402,0.0622,0.0049,0.0035,0.078778135,0.714285714,0.056270096,500
Flinders-HCHB,2021,Sep,MM,B19,P,3,Frozen,Arthritica - shell,,,0.278,0.2353,0.0064,0.846402878,0.02719932,0.023021583,500
Flinders-HCHB,2021,Sep,NL,LP,I,1,Frozen,Amphipoda,17,,0.0023,0.0004,0.0003,0.173913043,0.75,0.130434783,500
Flinders-HCHB,2021,Sep,NL,LP,I,1,Frozen,Arthritica,23,,0.0194,0.0128,0.0007,0.659793814,0.0546875,0.036082474,500
Flinders-HCHB,2021,Sep,NL,LP,I,1,Frozen,Capitella,1,,,,,,,,500
Flinders-HCHB,2021,Sep,NL,LP,I,1,Frozen,Simplisetia,84,,0.2904,0.0226,0.0097,0.077823691,0.42920354,0.033402204,500
Flinders-HCHB,2021,Sep,NL,LP,I,1,Frozen,Chironomidae,44,,0.0138,0.0021,0.0018,0.152173913,0.857142857,0.130434783,500
Flinders-HCHB,2021,Sep,NL,LP,I,1,Frozen,Hydrobiidae,3,,0.0016,0.0008,-0.0002,0.5,-0.25,-0.125,500
Flinders-HCHB,2021,Sep,NL,LP,I,1,Frozen,Spisula - flesh,1,,0.0042,0.0018,0.0005,0.428571429,0.277777778,0.119047619,500
Flinders-HCHB,2021,Sep,NL,LP,I,1,Frozen,Spisula - shell,,,0.0246,0.0235,0.0007,0.955284553,0.029787234,0.028455285,500
Flinders-HCHB,2021,Sep,NL,LP,I,1,Frozen,Mysidacea,1,,0.0079,0.0013,0.001,0.164556962,0.769230769,0.126582278,500
Flinders-HCHB,2021,Sep,NL,LP,I,1,Frozen,Arthritica - flesh,35,0.0674,0.0113,0.0017,0.0007,0.150442478,0.411764706,0.061946903,500
Flinders-HCHB,2021,Sep,NL,LP,I,1,Frozen,Arthritica - shell,,,0.0561,0.0507,0.0015,0.903743316,0.029585799,0.026737968,500
Flinders-HCHB,2021,Sep,NL,LP,I,1,Frozen,Amphipoda,,,0.0356,0.0049,0.003,0.137640449,0.612244898,0.084269663,500
Flinders-HCHB,2021,Sep,NL,LP,I,2,Frozen,Amphipoda,11,,0.0041,0.0004,0.0003,0.097560976,0.75,0.073170732,500
Flinders-HCHB,2021,Sep,NL,LP,I,2,Frozen,Arthritica,12,,0.0027,0.0016,1E-04,0.592592593,0.0625,0.037037037,500
Flinders-HCHB,2021,Sep,NL,LP,I,2,Frozen,Capitella,4,,0.0002,0.0001,0.0002,0.5,2,1,500
Flinders-HCHB,2021,Sep,NL,LP,I,2,Frozen,Simplisetia,66,,0.1178,0.0139,0.004,0.117996604,0.287769784,0.033955857,500
Flinders-HCHB,2021,Sep,NL,LP,I,2,Frozen,Chironomidae,52,,0.0206,0.0043,0.0024,0.208737864,0.558139535,0.116504854,500
Flinders-HCHB,2021,Sep,NL,LP,I,2,Frozen,Hydrobiidae,4,,0.0038,0.0025,0.0003,0.657894737,0.12,0.078947368,500
Flinders-HCHB,2021,Sep,NL,LP,I,2,Frozen,Spisula - flesh,1,,0.0031,0.0013,0.0002,0.419354839,0.153846154,0.064516129,500
Flinders-HCHB,2021,Sep,NL,LP,I,2,Frozen,Spisula - shell,,,0.0179,0.0173,0,0.966480447,0,0,500
Flinders-HCHB,2021,Sep,NL,LP,I,2,Frozen,Mysidacea,1,,0.0006,0.0004,0.0003,0.666666667,0.75,0.5,500
Flinders-HCHB,2021,Sep,NL,LP,I,2,Frozen,Arthritica - flesh,57,0.0994,0.0155,0.0014,0.001,0.090322581,0.714285714,0.064516129,500
Flinders-HCHB,2021,Sep,NL,LP,I,2,Frozen,Arthritica - shell,,,0.0839,0.0745,0.002,0.887961859,0.026845638,0.023837902,500
Flinders-HCHB,2021,Sep,NL,LP,I,2,Frozen,Amphipoda,,,0.0208,0.0034,0.002,0.163461538,0.588235294,0.096153846,500
Flinders-HCHB,2021,Sep,NL,LP,I,3,Frozen,Amphipoda,6,,0.0008,0.0005,,0.625,,,500
Flinders-HCHB,2021,Sep,NL,LP,I,3,Frozen,Capitella,3,,0.0005,0,,0,,,500
Flinders-HCHB,2021,Sep,NL,LP,I,3,Frozen,Simplisetia,64,,0.2196,0.0231,,0.105191257,,,500
Flinders-HCHB,2021,Sep,NL,LP,I,3,Frozen,Chironomidae,23,,0.0043,0.0012,,0.279069767,,,500
Flinders-HCHB,2021,Sep,NL,LP,I,3,Frozen,Hydrobiidae,3,,0.0055,0.0022,0.0001,0.4,0.045454545,0.018181818,500
Flinders-HCHB,2021,Sep,NL,LP,I,3,Frozen,Spisula - flesh,2,,0.0254,0.0047,,0.18503937,,,500
Flinders-HCHB,2021,Sep,NL,LP,I,3,Frozen,Spisula - shell,,,0.0722,0.0674,0.0016,0.933518006,0.023738872,0.022160665,500
Flinders-HCHB,2021,Sep,NL,LP,I,3,Frozen,Amphipoda,,,0.0484,0.0068,,0.140495868,,,500
Flinders-HCHB,2021,Sep,NL,LP,I,3,Frozen,Arthritica - flesh,,0.0889,0.0145,0.001,,0.068965517,,,500
Flinders-HCHB,2021,Sep,NL,LP,I,3,Frozen,Arthritica - shell,,,0.0744,0.0659,0.0016,0.885752688,0.024279211,0.021505376,500
Flinders-HCHB,2021,Sep,NL,LP,P,1,Frozen,Amphipoda,18,,0.0036,0.0005,,0.138888889,,,500
Flinders-HCHB,2021,Sep,NL,LP,P,1,Frozen,Arthritica,7,,0.0106,0.0069,0.0002,0.650943396,0.028985507,0.018867925,500
Flinders-HCHB,2021,Sep,NL,LP,P,1,Frozen,Capitella,24,,0.0012,0.0002,,0.166666667,,,500
Flinders-HCHB,2021,Sep,NL,LP,P,1,Frozen,Simplisetia,55,,0.352,0.0505,,0.143465909,,,500
Flinders-HCHB,2021,Sep,NL,LP,P,1,Frozen,Chironomidae,4,,0.0011,0,,0,,,500
Flinders-HCHB,2021,Sep,NL,LP,P,1,Frozen,Mysidacea,2,,0.0179,0.003,,0.167597765,,,500
Flinders-HCHB,2021,Sep,NL,LP,P,1,Frozen,Amphipoda,,,0.0518,0.0103,,0.198841699,,,500
Flinders-HCHB,2021,Sep,NL,LP,P,1,Frozen,Arthritica - flesh,34,0.0802,0.0131,0.0013,,0.099236641,,,500
Flinders-HCHB,2021,Sep,NL,LP,P,1,Frozen,Arthritica - shell,34,,0.0671,0.0585,,0.871833085,,,500
Flinders-HCHB,2021,Sep,NL,LP,P,2,Frozen,Amphipoda,41,,0.0085,0.001,,0.117647059,,,500
Flinders-HCHB,2021,Sep,NL,LP,P,2,Frozen,Arthritica,5,,0.0177,0.011,0.0001,0.621468927,0.009090909,0.005649718,500
Flinders-HCHB,2021,Sep,NL,LP,P,2,Frozen,Capitella,20,,0.0006,0.0003,,0.5,,,500
Flinders-HCHB,2021,Sep,NL,LP,P,2,Frozen,Simplisetia,69,,0.5064,0.0369,,0.072867299,,,500
Flinders-HCHB,2021,Sep,NL,LP,P,2,Frozen,Chironomidae,3,,0.001,0.0005,,0.5,,,500
Flinders-HCHB,2021,Sep,NL,LP,P,2,Frozen,Salinator,1,,0.0038,0.0018,0.0001,0.473684211,0.055555556,0.026315789,500
Flinders-HCHB,2021,Sep,NL,LP,P,2,Frozen,Amphipoda,,,0.0786,0.011,,0.139949109,,,500
Flinders-HCHB,2021,Sep,NL,LP,P,4,Frozen,Amphipoda,14,,0.0032,0.0007,,0.21875,,,500
Flinders-HCHB,2021,Sep,NL,LP,P,4,Frozen,Arthritica,2,,0.0091,0.0061,0.0002,0.67032967,0.032786885,0.021978022,500
Flinders-HCHB,2021,Sep,NL,LP,P,4,Frozen,Capitella,32,,0.0012,0.0003,,0.25,,,500
Flinders-HCHB,2021,Sep,NL,LP,P,4,Frozen,Simplisetia,86,,0.4332,0.0452,,0.104339797,,,500
Flinders-HCHB,2021,Sep,NL,LP,P,4,Frozen,Chironomidae,1,,0.0003,0.0001,,0.333333333,,,500
Flinders-HCHB,2021,Sep,NL,LP,P,4,Frozen,Amphipoda,,,0.0265,0.0042,,0.158490566,,,500
Flinders-HCHB,2021,Sep,NL,NM,I,1,Frozen,Amphipoda,28,,0.0077,0.0012,,0.155844156,,,500
Flinders-HCHB,2021,Sep,NL,NM,I,1,Frozen,Capitella,31,,0.0011,0.0004,0.0001,0.363636364,0.25,0.090909091,500
Flinders-HCHB,2021,Sep,NL,NM,I,1,Frozen,Chironomidae,7,,0.0069,0.0015,0.0008,0.217391304,0.533333333,0.115942029,500
Flinders-HCHB,2021,Sep,NL,NM,I,1,Frozen,Mysidacea,1,,0.0018,0.0004,,0.222222222,,,500
Flinders-HCHB,2021,Sep,NL,NM,I,1,Frozen,Amphipoda,,,0.072,0.0091,,0.126388889,,,500
Flinders-HCHB,2021,Sep,NL,NM,I,1,Frozen,Dolichopodidae,1,,0.0054,0.0016,,0.296296296,,,500
Flinders-HCHB,2021,Sep,NL,NM,I,2,Frozen,Amphipoda,18,,0.0023,0.0004,0.0002,0.173913043,0.5,0.086956522,500
Flinders-HCHB,2021,Sep,NL,NM,I,2,Frozen,Capitella,32,,0.0003,0.0001,-1E-04,0.333333333,-1,-0.333333333,500
Flinders-HCHB,2021,Sep,NL,NM,I,2,Frozen,Simplisetia,3,,0.0055,0.0009,0.0003,0.163636364,0.333333333,0.054545455,500
Flinders-HCHB,2021,Sep,NL,NM,I,2,Frozen,Chironomidae,5,,0.0015,0.0005,0.0002,0.333333333,0.4,0.133333333,500
Flinders-HCHB,2021,Sep,NL,NM,I,2,Frozen,Amphipoda,,,0.0609,0.0096,0.0073,0.157635468,0.760416667,0.119868637,500
Flinders-HCHB,2021,Sep,NL,NM,I,3,Frozen,Amphipoda,12,,0.0091,0,,0,,,500
Flinders-HCHB,2021,Sep,NL,NM,I,3,Frozen,Capitella,11,,0.0034,0.0006,,0.176470588,,,500
Flinders-HCHB,2021,Sep,NL,NM,I,3,Frozen,Simplisetia,1,,0.0007,0,,0,,,500
Flinders-HCHB,2021,Sep,NL,NM,I,3,Frozen,Chironomidae,10,,0.0069,0.0014,,0.202898551,,,500
Flinders-HCHB,2021,Sep,NL,NM,I,3,Frozen,Dolichopodidae,2,,0.0086,0.002,,0.23255814,,,500
Flinders-HCHB,2021,Sep,NL,NM,I,4,Frozen,Amphipoda,29,,0.0132,0.0023,,0.174242424,,,500
Flinders-HCHB,2021,Sep,NL,NM,I,4,Frozen,Capitella,18,,1E-04,,,0,,,500
Flinders-HCHB,2021,Sep,NL,NM,I,4,Frozen,Simplisetia,3,,0.0141,0.0016,,0.113475177,,,500
Flinders-HCHB,2021,Sep,NL,NM,I,4,Frozen,Chironomidae,14,,0.0098,0.001,,0.102040816,,,500
Flinders-HCHB,2021,Sep,NL,NM,I,4,Frozen,Boccardiella,4,,,,,,,,500
Flinders-HCHB,2021,Sep,NL,NM,I,4,Frozen,Mysidacea,1,,0.0146,0.0034,,0.232876712,,,500
Flinders-HCHB,2021,Sep,NL,NM,I,4,Frozen,Dolichopodidae,1,,0.0054,0.0006,,0.111111111,,,500
Flinders-HCHB,2021,Sep,NL,NM,S,2,Frozen,Capitella,1,,,,,,,,500
Flinders-HCHB,2021,Sep,NL,NM,S,2,Frozen,Chironomidae,1,,0.0007,0.0002,1E-04,0.285714286,0.5,0.142857143,500
Flinders-HCHB,2021,Sep,NL,NM,S,2,Frozen,Salinator,3,,0.0056,0.0023,0.0003,0.410714286,0.130434783,0.053571429,500
Flinders-HCHB,2021,Sep,NL,NM,S,2,Frozen,Spisula - flesh,1,,0.01,0.0013,0.0012,0.13,0.923076923,0.12,500
Flinders-HCHB,2021,Sep,NL,NM,S,2,Frozen,Spisula - shell,,,0.042,0.0395,0.0009,0.94047619,0.02278481,0.021428571,500
Flinders-HCHB,2021,Sep,NL,NM,S,3,Frozen,Chironomidae,8,,0.0106,0.0025,0.0012,0.235849057,0.48,0.113207547,500
Flinders-HCHB,2021,Sep,NL,NM,S,3,Frozen,Salinator,4,,0.0048,0.0022,0.0001,0.458333333,0.045454545,0.020833333,500
Flinders-HCHB,2021,Sep,NL,NM,S,3,Frozen,Spisula - flesh,1,,0.0033,0.0005,,0.151515152,,,500
Flinders-HCHB,2021,Sep,NL,NM,S,3,Frozen,Spisula - shell,,,0.0128,0.0119,0.0005,0.9296875,0.042016807,0.0390625,500
Flinders-HCHB,2021,Sep,NL,NM,S,4,Frozen,Amphipoda,1,,0.0002,,,0,,,500
Flinders-HCHB,2021,Sep,NL,NM,S,4,Frozen,Chironomidae,7,,0.0068,0.0014,,0.205882353,,,500
Flinders-HCHB,2021,Sep,NL,NM,S,4,Frozen,Salinator,1,,0.0006,0.0003,-0.0003,0.5,-1,-0.5,500
Flinders-HCHB,2021,Sep,NL,NM,P,1,Frozen,Capitella,6,,0.0003,1E-04,-0.0002,0.333333333,-2,-0.666666667,500
Flinders-HCHB,2021,Sep,NL,NM,P,1,Frozen,Chironomidae,1,,0.0003,0.0001,0,0.333333333,0,0,500
Flinders-HCHB,2021,Sep,NL,NM,P,1,Frozen,Spisula - flesh,1,,0.0219,0.0036,,0.164383562,,,500
Flinders-HCHB,2021,Sep,NL,NM,P,1,Frozen,Spisula - shell,,,0.0903,0.084,0.0027,0.930232558,0.032142857,0.029900332,500
Flinders-HCHB,2021,Sep,NL,NM,P,1,Frozen,Mysidacea,8,,0.0214,0.0044,,0.205607477,,,500
Flinders-HCHB,2021,Sep,NL,NM,P,2,Frozen,Capitella,6,,0.0005,0.0003,,0.6,,,500
Flinders-HCHB,2021,Sep,NL,NM,P,2,Frozen,Chironomidae,6,,0.0066,0.0016,,0.242424242,,,500
Flinders-HCHB,2021,Sep,NL,NM,P,2,Frozen,Spisula,2,,0.0466,0.0092,,0.197424893,,,500
Flinders-HCHB,2021,Sep,NL,NM,P,2,Frozen,Mysidacea,1,,0.0014,0,,0,,,500
Flinders-HCHB,2021,Sep,NL,NM,P,3,Frozen,Capitella,3,,0.0007,,,0,,,500
Flinders-HCHB,2021,Sep,NL,NM,P,3,Frozen,Chironomidae,20,,0.0154,0.0033,,0.214285714,,,500
Flinders-HCHB,2021,Sep,NL,NM,P,4,Frozen,Amphipoda,1,,0.0002,0.0001,,0.5,,,500
Flinders-HCHB,2021,Sep,NL,NM,P,4,Frozen,Capitella,11,,0.0029,0.0006,,0.206896552,,,500
Flinders-HCHB,2021,Sep,NL,NM,P,4,Frozen,Chironomidae,9,,0.0082,0.0016,,0.195121951,,,500
Flinders-HCHB,2021,Sep,NL,NM,P,4,Frozen,Mysidacea,1,,0.0034,0.0004,,0.117647059,,,500
Flinders-HCHB,2021,Sep,NL,MtA,S,1,Frozen,Capitella,24,,0.0034,0.0002,,0.058823529,,,500
Flinders-HCHB,2021,Sep,NL,MtA,S,1,Frozen,Spisula,3,,0.0826,0.0155,,0.187651332,,,500
Flinders-HCHB,2021,Sep,NL,MtA,S,1,Frozen,Mysidacea,4,,0.0011,0.0003,,0.272727273,,,500
Flinders-HCHB,2021,Sep,NL,MtA,S,2,Frozen,Capitella,34,,0,,,,,,500
Flinders-HCHB,2021,Sep,NL,MtA,S,2,Frozen,Chironomidae,3,,0,,,,,,500
Flinders-HCHB,2021,Sep,NL,MtA,S,2,Frozen,Salinator,1,,0.2232,0.0931,0.0181,0.417114695,0.194414608,0.08109319,500
Flinders-HCHB,2021,Sep,NL,MtA,S,2,Frozen,Spisula,4,,0.1011,0.033,,0.326409496,,,500
Flinders-HCHB,2021,Sep,NL,MtA,S,2,Frozen,Mysidacea,4,,0.0113,0.0018,,0.159292035,,,500
Flinders-HCHB,2021,Sep,NL,MtA,S,3,Frozen,Capitella,7,,0.0004,0.0001,,0.25,,,500
Flinders-HCHB,2021,Sep,NL,MtA,S,3,Frozen,Chironomidae,1,,0,,,,,,500
Flinders-HCHB,2021,Sep,NL,MtA,S,3,Frozen,Spisula,2,,0.056,0.0042,,0.075,,,500
Flinders-HCHB,2021,Sep,NL,MtA,S,3,Frozen,Mysidacea,2,,0.0005,1E-04,,0.2,,,500
Flinders-HCHB,2021,Sep,NL,MtA,S,4,Frozen,Capitella,8,,0.001,0.0006,,0.6,,,500
Flinders-HCHB,2021,Sep,NL,MtA,S,4,Frozen,Spisula,3,,0.1153,0.0127,,0.110147441,,,500
Flinders-HCHB,2021,Sep,NL,MtA,S,4,Frozen,Mysidacea,6,,0.003,0.0002,,0.066666667,,,500
Flinders-HCHB,2021,Sep,NL,MtA,S,5,Frozen,Capitella,17,,0.0028,0.0005,,0.178571429,,,500
Flinders-HCHB,2021,Sep,NL,MtA,S,5,Frozen,Chironomidae,1,,0.0012,0.0004,,0.333333333,,,500
Flinders-HCHB,2021,Sep,NL,MtA,S,5,Frozen,Spisula,3,,0.1059,0.0416,,0.392823418,,,500
Flinders-HCHB,2021,Sep,NL,MtA,S,5,Frozen,Mysidacea,2,,0.0091,0.0016,,0.175824176,,,500
Flinders-HCHB,2021,Sep,NL,MtA,S,6,Frozen,Capitella,7,,0.0006,1E-04,,0.166666667,,,500
Flinders-HCHB,2021,Sep,NL,MtA,S,6,Frozen,Chironomidae,3,,0.002,0.0006,,0.3,,,500
Flinders-HCHB,2021,Sep,NL,MtA,S,6,Frozen,Spisula,1,,0.0062,0.0005,,0.080645161,,,500
Flinders-HCHB,2021,Sep,NL,MtA,S,6,Frozen,Mysidacea,3,,0.0126,0.0028,,0.222222222,,,500
Flinders-HCHB,2021,Sep,NL,MtA,S,7,Frozen,Amphipoda,1,,0.0009,0.0004,,0.444444444,,,500
Flinders-HCHB,2021,Sep,NL,MtA,S,7,Frozen,Capitella,19,,0.0017,0.001,,0.588235294,,,500
Flinders-HCHB,2021,Sep,NL,MtA,S,7,Frozen,Chironomidae,31,,0.0329,0.008,,0.243161094,,,500
Flinders-HCHB,2021,Sep,NL,MtA,S,7,Frozen,Spisula,5,,0.1964,0.022,,0.112016293,,,500
Flinders-HCHB,2021,Sep,NL,MtA,S,7,Frozen,Mysidacea,5,,0.0073,0.0019,,0.260273973,,,500
Flinders-HCHB,2021,Sep,NL,MtA,S,8,Frozen,Capitella,15,,0.001,0.0002,,0.2,,,500
Flinders-HCHB,2021,Sep,NL,MtA,S,8,Frozen,Mysidacea,2,,0.0018,0.0002,,0.111111111,,,500
Flinders-HCHB,2021,Sep,NL,MtA,S,9,Frozen,Capitella,9,,0.0006,0.0003,,0.5,,,500
Flinders-HCHB,2021,Sep,NL,MtA,S,9,Frozen,Spisula,2,,0.0756,0.0135,,0.178571429,,,500
Flinders-HCHB,2021,Sep,NL,MtA,S,9,Frozen,Mysidacea,2,,0.0007,0,,0,,,500
Flinders-HCHB,2021,Sep,NL,MtA,S,10,Frozen,Capitella,7,,0.0004,0.0002,,0.5,,,500
Flinders-HCHB,2021,Sep,NL,MtA,S,10,Frozen,Chironomidae,2,,0.0015,0.0007,,0.466666667,,,500
Flinders-HCHB,2021,Sep,NL,MtA,S,10,Frozen,Spisula,4,,0.0754,0.0154,,0.204244032,,,500
Flinders-HCHB,2021,Sep,NL,MtA,S,11,Frozen,Capitella,1,,,,,,,,500
Flinders-HCHB,2021,Sep,NL,MtA,S,11,Frozen,Spisula,4,,0.1305,0.0224,,0.17164751,,,500
Flinders-HCHB,2021,Sep,NL,MtA,S,11,Frozen,Mysidacea,4,,0.0424,0.0088,,0.20754717,,,500
Flinders-HCHB,2021,Sep,NL,MtA,S,12,Frozen,Capitella,30,,0.0039,0.0018,,0.461538462,,,500
Flinders-HCHB,2021,Sep,NL,MtA,S,12,Frozen,Chironomidae,4,,0.0037,0.0009,,0.243243243,,,500
Flinders-HCHB,2021,Sep,NL,MtA,S,12,Frozen,Salinator,2,,0.183,0.0323,,0.176502732,,,500
Flinders-HCHB,2021,Sep,NL,MtA,S,12,Frozen,Spisula,4,,0.0511,0.0062,,0.121330724,,,500
Flinders-HCHB,2021,Sep,NL,MtA,S,12,Frozen,Mysidacea,10,,0.0387,0.0061,,0.157622739,,,500
Flinders-HCHB,2021,Sep,SL,HG,I,2,Frozen,Chironomidae,352,,0.2352,0.0446,,0.18962585,,,500
Flinders-HCHB,2021,Sep,SL,HG,I,4,Frozen,Chironomidae,221,,0.1569,0.0258,0.0167,0.164435946,0.647286822,0.106437221,500
Flinders-HCHB,2021,Sep,SL,HG,I,4,Frozen,Ostracoda,26,,0.0024,0.0005,0,0.208333333,0,0,500
Flinders-HCHB,2021,Sep,NL,LP,P,3,Frozen,Amphipoda,3,,0.0007,0,,0,,,500
Flinders-HCHB,2021,Sep,NL,LP,P,3,Frozen,Simplisetia,59,,0.2388,0.0385,0.0075,0.161222781,0.194805195,0.031407035,500
Flinders-HCHB,2021,Sep,NL,LP,P,3,Frozen,Chironomidae,1,,,,,,,,500
Flinders-HCHB,2021,Sep,NL,LP,P,3,Frozen,Amphipoda,159,,0.0315,0.0034,0.0039,0.107936508,1.147058824,0.123809524,500
TLM,2023,Apr,MM,MR,,1,Ethanol,Chironomidae,8,,0.001,,,0,#DIV/0!,0,500
TLM,2023,Apr,MM,MR,,1,Ethanol,Amphipoda,2,,0.003,,,0,#DIV/0!,0,500
TLM,2023,Apr,MM,MR,,2,Ethanol,Chironomidae,3,,0.001,,,0,#DIV/0!,0,500
TLM,2023,Apr,MM,MR,,2,Ethanol,Amphipoda,1,,0.003,0.002,0,0.666666667,0,0,500
TLM,2023,Apr,MM,MR,,3,Ethanol,Simplisetia,1,,0.003,,,0,#DIV/0!,0,500
TLM,2023,Apr,MM,MR,,4,Ethanol,Chironomidae,4,,0.002,,,0,#DIV/0!,0,500
TLM,2023,Apr,MM,MR,,5,Ethanol,Chironomidae,1,,0.001,,,0,#DIV/0!,0,500
TLM,2023,Apr,MM,MR,,6,Ethanol,Amphipoda,1,,0.002,,,0,#DIV/0!,0,500
TLM,2023,Apr,MM,MR,,6,Ethanol,Chironomidae,2,,0.002,,,0,#DIV/0!,0,500
TLM,2023,Apr,MM,MR,,7,Ethanol,Chironomidae,2,,0.002,,,0,#DIV/0!,0,500
TLM,2023,Apr,MM,MR,,8,Ethanol,Amphipoda,2,,0.003,0.001,0,0.333333333,0,0,500
TLM,2023,Apr,MM,MR,,8,Ethanol,Chironomidae,2,,0.002,,,0,#DIV/0!,0,500
TLM,2023,Apr,MM,MR,,9,Ethanol,Amphipoda,2,,0.001,0,0,0,#DIV/0!,0,500
TLM,2023,Apr,MM,MR,,9,Ethanol,Oligochaeta,1,,0.002,,,0,#DIV/0!,0,500
TLM,2023,Apr,MM,MR,,10,Ethanol,Chironomidae,1,,0.001,,,0,#DIV/0!,0,500
TLM,2023,Apr,MM,MR,,10,Ethanol,Amphipoda,1,,0.003,0.001,0.001,0.333333333,1,0.333333333,500
TLM,2023,Apr,MM,HC,,1,Ethanol,Simplisetia,1,,0.011,0.002,0.002,0.181818182,1,0.181818182,500
TLM,2023,Apr,MM,HC,,6,Ethanol,Chironomidae,1,,0.002,,,0,#DIV/0!,0,500
TLM,2023,Apr,MM,HC,,7,Ethanol,Simplisetia,1,,0.009,0.002,0.001,0.222222222,0.5,0.111111111,500
TLM,2023,Apr,MM,HC,,7,Ethanol,Mysidacea,1,,0.009,0.001,0.001,0.111111111,1,0.111111111,500
TLM,2023,Apr,MM,HC,,8,Ethanol,Hydrobiidae,3,,0.03,0.017,0,0.566666667,0,0,500
TLM,2023,Apr,MM,HC,,9,Ethanol,Simplisetia,1,,0.008,0.001,0.002,0.125,2,0.25,500
TLM,2023,Apr,MM,HC,,9,Ethanol,Amphipoda,1,,0.002,,,0,#DIV/0!,0,500
TLM,2023,Apr,MM,HC,,10,Ethanol,Amphipoda,2,,0.003,,,0,#DIV/0!,0,500
TLM,2023,Apr,MM,HC,,10,Ethanol,Boccardiella,,,0.003,,,0,#DIV/0!,0,500
TLM,2023,Apr,MM,HC,,10,Ethanol,Chironomidae,4,,0.003,,,0,#DIV/0!,0,500
TLM,2023,Apr,MM,HC,,10,Ethanol,Hydrobiidae,1,,0.013,0.006,0,0.461538462,0,0,500
TLM,2023,Apr,MM,MC,,2,Ethanol,Chironomidae,1,,0.002,0.002,0,1,0,0,500
TLM,2023,Apr,MM,MC,,3,Ethanol,Chironomidae,1,,0.004,0.003,0,0.75,0,0,500
TLM,2023,Apr,MM,MC,,7,Ethanol,Chironomidae,1,,0.002,,,0,#DIV/0!,0,500
TLM,2023,Apr,MM,MC,,9,Ethanol,Simplisetia,1,,0.017,0.004,0.002,0.235294118,0.5,0.117647059,500
TLM,2023,Apr,MM,EI,,2,Ethanol,Hydrobiidae,14,,0.067,0.047,0,0.701492537,0,0,500
TLM,2023,Apr,MM,EI,,2,Ethanol,Chironomidae,1,,0.002,0.001,0,0.5,0,0,500
TLM,2023,Apr,MM,EI,,3,Ethanol,Hydrobiidae,1,,0.011,0.007,0,0.636363636,0,0,500
TLM,2023,Apr,MM,EI,,4,Ethanol,Oligochaeta,1,,0.005,0.004,0,0.8,0,0,500
TLM,2023,Apr,MM,EI,,4,Ethanol,Chironomidae,1,,0.001,,,0,#DIV/0!,0,500
TLM,2023,Apr,MM,EI,,6,Ethanol,Chironomidae,3,,0.002,,,0,#DIV/0!,0,500
TLM,2023,Apr,MM,EI,,7,Ethanol,Amphipoda,3,,0.002,,,0,#DIV/0!,0,500
TLM,2023,Apr,MM,EI,,7,Ethanol,Chironomidae,3,,0.002,0.001,0,0.5,0,0,500
TLM,2023,Apr,MM,EI,,7,Ethanol,Hydrobiidae,2,,0.013,0.006,0,0.461538462,0,0,500
TLM,2023,Apr,MM,EI,,8,Ethanol,Hydrobiidae,1,,0.004,0.002,0.001,0.5,0.5,0.25,500
TLM,2023,Apr,MM,EI,,9,Ethanol,Chironomidae,24,,0.003,,,0,#DIV/0!,0,500
TLM,2023,Apr,MM,EI,,10,Ethanol,Chironomidae,1,,0.005,0,0,0,#DIV/0!,0,500
TLM,2023,Apr,MM,PP,,1,Ethanol,Chironomidae,3,,0.001,,,0,#DIV/0!,0,500
TLM,2023,Apr,MM,PP,,2,Ethanol,Chironomidae,1,,0.001,,,0,#DIV/0!,0,500
TLM,2023,Apr,MM,PP,,3,Ethanol,Chironomidae,7,,0.004,0.001,0,0.25,0,0,500
TLM,2023,Apr,MM,PP,,3,Ethanol,Amphipoda,4,,0.003,,,0,#DIV/0!,0,500
TLM,2023,Apr,MM,PP,,4,Ethanol,Chironomidae,5,,0.004,0.002,0,0.5,0,0,500
TLM,2023,Apr,MM,PP,,4,Ethanol,Simplisetia,1,,0.017,0.006,0.002,0.352941176,0.333333333,0.117647059,500
TLM,2023,Apr,MM,PP,,5,Ethanol,Simplisetia,1,,0.01,0.005,0.001,0.5,0.2,0.1,500
TLM,2023,Apr,MM,PP,,5,Ethanol,Chironomidae,1,,0.001,,,0,#DIV/0!,0,500
TLM,2023,Apr,MM,PP,,6,Ethanol,Chironomidae,2,,0.002,0,0,0,#DIV/0!,0,500
TLM,2023,Apr,MM,PP,,6,Ethanol,Simplisetia,1,,0.014,0.006,0.002,0.428571429,0.333333333,0.142857143,500
TLM,2023,Apr,MM,PP,,7,Ethanol,Chironomidae,1,,0.002,0.001,0,0.5,0,0,500
TLM,2023,Apr,MM,PP,,8,Ethanol,Hydrobiidae,1,,0.003,0.001,0,0.333333333,0,0,500
TLM,2023,Apr,MM,PP,,9,Ethanol,Chironomidae,3,,0.001,,,0,#DIV/0!,0,500
TLM,2023,Apr,NL,MY,,1,Ethanol,Simplisetia,4,,0.028,0.005,0.003,0.178571429,0.6,0.107142857,500
TLM,2023,Apr,NL,MY,,1,Ethanol,Chironomidae,1,,0.001,,,0,#DIV/0!,0,500
TLM,2023,Apr,NL,MY,,1,Ethanol,Amphipoda,1,,0,,,#DIV/0!,#DIV/0!,#DIV/0!,500
TLM,2023,Apr,NL,MY,,2,Ethanol,Simplisetia,8,,0.021,0.004,0.003,0.19047619,0.75,0.142857143,500
TLM,2023,Apr,NL,MY,,3,Ethanol,Simplisetia,5,,0.017,0.007,0.001,0.411764706,0.142857143,0.058823529,500
TLM,2023,Apr,NL,MY,,3,Ethanol,Arthritica,1,,-0.001,,,0,#DIV/0!,0,500
TLM,2023,Apr,NL,MY,,4,Ethanol,Simplisetia,38,,0.069,0.022,0.008,0.31884058,0.363636364,0.115942029,500
TLM,2023,Apr,NL,MY,,4,Ethanol,Amphipoda,2,,0.001,,,0,#DIV/0!,0,500
TLM,2023,Apr,NL,MY,,4,Ethanol,Oligochaeta,2,,0.001,,,0,#DIV/0!,0,500
TLM,2023,Apr,NL,MY,,4,Ethanol,Arthritica,2,,0.006,0.003,0.001,0.5,0.333333333,0.166666667,500
TLM,2023,Apr,NL,MY,,5,Ethanol,Simplisetia,16,,0.004,0.001,0.001,0.25,1,0.25,500
TLM,2023,Apr,NL,MY,,5,Ethanol,Chironomidae,1,,0,,,#DIV/0!,#DIV/0!,#DIV/0!,500
TLM,2023,Apr,NL,MY,,6,Ethanol,Simplisetia,9,,0.034,0.01,0.004,0.294117647,0.4,0.117647059,500
TLM,2023,Apr,NL,MY,,6,Ethanol,Amphipoda,2,,0.001,,,0,#DIV/0!,0,500
TLM,2023,Apr,NL,MY,,6,Ethanol,Oligochaeta,2,,0,,,#DIV/0!,#DIV/0!,#DIV/0!,500
TLM,2023,Apr,NL,MY,,7,Ethanol,Simplisetia,4,,0.021,0.007,0.003,0.333333333,0.428571429,0.142857143,500
TLM,2023,Apr,NL,MY,,7,Ethanol,Amphipoda,2,,0,,,#DIV/0!,#DIV/0!,#DIV/0!,500
TLM,2023,Apr,NL,MY,,8,Ethanol,Simplisetia,8,,0.031,0.006,0.004,0.193548387,0.666666667,0.129032258,500
TLM,2023,Apr,NL,MY,,9,Ethanol,Simplisetia,3,,0.005,0.002,0,0.4,0,0,500
TLM,2023,Apr,NL,MY,,9,Ethanol,Arthritica,1,,-0.002,,,0,#DIV/0!,0,500
TLM,2023,Apr,NL,MY,,9,Ethanol,Amphipoda,1,,0,,,#DIV/0!,#DIV/0!,#DIV/0!,500
TLM,2023,Apr,NL,MY,,10,Ethanol,Simplisetia,2,,0.006,0.002,0.001,0.333333333,0.5,0.166666667,500
TLM,2023,Apr,NL,MY,,10,Ethanol,Amphipoda,1,,0,,,#DIV/0!,#DIV/0!,#DIV/0!,500
TLM,2023,Apr,NL,NM,,1,Ethanol,Amphipoda,1,,0,,,#DIV/0!,#DIV/0!,#DIV/0!,500
TLM,2023,Apr,NL,NM,,1,Ethanol,Capitella,4,,0.002,0.002,0,1,0,0,500
TLM,2023,Apr,NL,NM,,1,Ethanol,Oligochaeta,3,,0,,,#DIV/0!,#DIV/0!,#DIV/0!,500
TLM,2023,Apr,NL,NM,,1,Ethanol,Simplisetia,23,,0.009,0.003,0.002,0.333333333,0.666666667,0.222222222,500
TLM,2023,Apr,NL,NM,,1,Ethanol,Arthritica,3,,0.001,,,0,#DIV/0!,0,500
TLM,2023,Apr,NL,NM,,1,Ethanol,Salinator,1,,0.003,0.001,0,0.333333333,0,0,500
TLM,2023,Apr,NL,NM,,2,Ethanol,Amphipoda,2,,0.001,,,0,#DIV/0!,0,500
TLM,2023,Apr,NL,NM,,2,Ethanol,Simplisetia,43,,0.078,0.019,0.009,0.243589744,0.473684211,0.115384615,500
TLM,2023,Apr,NL,NM,,2,Ethanol,Capitella,25,,0.027,0.006,0.004,0.222222222,0.666666667,0.148148148,500
TLM,2023,Apr,NL,NM,,2,Ethanol,Salinator,17,,0.015,0.008,0.002,0.533333333,0.25,0.133333333,500
TLM,2023,Apr,NL,NM,,2,Ethanol,Arthritica,35,,0.03,0.019,0.001,0.633333333,0.052631579,0.033333333,500
TLM,2023,Apr,NL,NM,,2,Ethanol,Hydrobiidae,1,,0.001,,,0,#DIV/0!,0,500
TLM,2023,Apr,NL,NM,,2,Ethanol,Spisula,2,0.009,0.001,,,0,#DIV/0!,0,500
TLM,2023,Apr,NL,NM,,3,Ethanol,Amphipoda,6,,0.002,,,0,#DIV/0!,0,500
TLM,2023,Apr,NL,NM,,3,Ethanol,Simplisetia,40,,0.059,0.018,0.008,0.305084746,0.444444444,0.13559322,500
TLM,2023,Apr,NL,NM,,3,Ethanol,Capitella,56,,0.034,0.008,0.005,0.235294118,0.625,0.147058824,500
TLM,2023,Apr,NL,NM,,3,Ethanol,Chironomidae,3,,0.002,,,0,#DIV/0!,0,500
TLM,2023,Apr,NL,NM,,3,Ethanol,Arthritica,11,,0.017,0.01,0.001,0.588235294,0.1,0.058823529,500
TLM,2023,Apr,NL,NM,,3,Ethanol,Salinator,7,,0.004,0.002,0.001,0.5,0.5,0.25,500
TLM,2023,Apr,NL,NM,,3,Ethanol,Euchone,2,,0.001,,,0,#DIV/0!,0,500
TLM,2023,Apr,NL,NM,,4,Ethanol,Amphipoda,4,,0.001,,,0,#DIV/0!,0,500
TLM,2023,Apr,NL,NM,,4,Ethanol,Capitella,18,,0.009,0.002,0.001,0.222222222,0.5,0.111111111,500
TLM,2023,Apr,NL,NM,,4,Ethanol,Euchone,3,,0,,,#DIV/0!,#DIV/0!,#DIV/0!,500
TLM,2023,Apr,NL,NM,,4,Ethanol,Simplisetia,32,,0.057,0.022,0.006,0.385964912,0.272727273,0.105263158,500
TLM,2023,Apr,NL,NM,,4,Ethanol,Arthritica,3,,0.002,,,0,#DIV/0!,0,500
TLM,2023,Apr,NL,NM,,4,Ethanol,Salinator,1,,0.001,,,0,#DIV/0!,0,500
TLM,2023,Apr,NL,NM,,4,Ethanol,Hydrobiidae,1,,0,,,#DIV/0!,#DIV/0!,#DIV/0!,500
TLM,2023,Apr,NL,NM,,5,Ethanol,Simplisetia,57,,0.053,0.019,0.007,0.358490566,0.368421053,0.132075472,500
TLM,2023,Apr,NL,NM,,5,Ethanol,Capitella,39,,0.016,0.004,0.002,0.25,0.5,0.125,500
TLM,2023,Apr,NL,NM,,5,Ethanol,Amphipoda,33,,0.015,0.002,0.001,0.133333333,0.5,0.066666667,500
TLM,2023,Apr,NL,NM,,5,Ethanol,Australonereis,1,,0.003,,,0,#DIV/0!,0,500
TLM,2023,Apr,NL,NM,,5,Ethanol,Euchone,13,,0,,,#DIV/0!,#DIV/0!,#DIV/0!,500
TLM,2023,Apr,NL,NM,,5,Ethanol,Salinator,1,,0.003,0.001,0,0.333333333,0,0,500
TLM,2023,Apr,NL,NM,,5,Ethanol,Arthritica,11,,0.019,0.011,0,0.578947368,0,0,500
TLM,2023,Apr,NL,NM,,5,Ethanol,Chironomidae,1,,0,,,#DIV/0!,#DIV/0!,#DIV/0!,500
TLM,2023,Apr,NL,NM,,6,Ethanol,Amphipoda,27,,0.019,0.004,0.003,0.210526316,0.75,0.157894737,500
TLM,2023,Apr,NL,NM,,6,Ethanol,Capitella,25,,0.009,0.001,0.001,0.111111111,1,0.111111111,500
TLM,2023,Apr,NL,NM,,6,Ethanol,Simplisetia,53,,0.131,0.044,0.014,0.335877863,0.318181818,0.106870229,500
TLM,2023,Apr,NL,NM,,6,Ethanol,Euchone,3,,0,,,#DIV/0!,#DIV/0!,#DIV/0!,500
TLM,2023,Apr,NL,NM,,6,Ethanol,Arthritica,17,,0.012,0.008,0.001,0.666666667,0.125,0.083333333,500
TLM,2023,Apr,NL,NM,,6,Ethanol,Chironomidae,2,,0,,,#DIV/0!,#DIV/0!,#DIV/0!,500
TLM,2023,Apr,NL,NM,,6,Ethanol,Salinator,1,,0.011,0.005,0.001,0.454545455,0.2,0.090909091,500
TLM,2023,Apr,NL,NM,,6,Ethanol,Hydrobiidae,2,,0.003,0.001,0,0.333333333,0,0,500
TLM,2023,Apr,NL,NM,,7,Ethanol,Amphipoda,32,,0.022,0.003,0.002,0.136363636,0.666666667,0.090909091,500
TLM,2023,Apr,NL,NM,,7,Ethanol,Capitella,33,,0.015,0.003,0.002,0.2,0.666666667,0.133333333,500
TLM,2023,Apr,NL,NM,,7,Ethanol,Chironomidae,1,,0,,,#DIV/0!,#DIV/0!,#DIV/0!,500
TLM,2023,Apr,NL,NM,,7,Ethanol,Euchone,3,,0.001,,,0,#DIV/0!,0,500
TLM,2023,Apr,NL,NM,,7,Ethanol,Simplisetia,36,,0.08,0.035,0.009,0.4375,0.257142857,0.1125,500
TLM,2023,Apr,NL,NM,,7,Ethanol,Arthritica,11,,0.025,0.017,0.003,0.68,0.176470588,0.12,500
TLM,2023,Apr,NL,NM,,8,Ethanol,Amphipoda,19,,0.01,0.001,0.001,0.1,1,0.1,500
TLM,2023,Apr,NL,NM,,8,Ethanol,Capitella,55,,0.015,0.004,0.002,0.266666667,0.5,0.133333333,500
TLM,2023,Apr,NL,NM,,8,Ethanol,Salinator,1,,0,,,#DIV/0!,#DIV/0!,#DIV/0!,500
TLM,2023,Apr,NL,NM,,8,Ethanol,Euchone,6,,0,,,#DIV/0!,#DIV/0!,#DIV/0!,500
TLM,2023,Apr,NL,NM,,8,Ethanol,Simplisetia,65,,0.109,0.042,0.01,0.385321101,0.238095238,0.091743119,500
TLM,2023,Apr,NL,NM,,8,Ethanol,Australonereis,2,,0.003,,,0,#DIV/0!,0,500
TLM,2023,Apr,NL,NM,,8,Ethanol,Hydrobiidae,7,,0.006,0.004,0.001,0.666666667,0.25,0.166666667,500
TLM,2023,Apr,NL,NM,,8,Ethanol,Arthritica,17,,0.021,0.014,0.002,0.666666667,0.142857143,0.095238095,500
TLM,2023,Apr,NL,NM,,9,Ethanol,Amphipoda,13,,0.001,,,0,#DIV/0!,0,500
TLM,2023,Apr,NL,NM,,9,Ethanol,Australonereis,4,,0.003,,,0,#DIV/0!,0,500
TLM,2023,Apr,NL,NM,,9,Ethanol,Simplisetia,43,,0.055,0.019,0.008,0.345454545,0.421052632,0.145454545,500
TLM,2023,Apr,NL,NM,,9,Ethanol,Capitella,25,,0.017,0.007,0.002,0.411764706,0.285714286,0.117647059,500
TLM,2023,Apr,NL,NM,,9,Ethanol,Chironomidae,1,,0,,,#DIV/0!,#DIV/0!,#DIV/0!,500
TLM,2023,Apr,NL,NM,,9,Ethanol,Oligochaeta,2,,0,,,#DIV/0!,#DIV/0!,#DIV/0!,500
TLM,2023,Apr,NL,NM,,9,Ethanol,Hydrobiidae,1,,0.001,,,0,#DIV/0!,0,500
TLM,2023,Apr,NL,NM,,9,Ethanol,Euchone,3,,0,,,#DIV/0!,#DIV/0!,#DIV/0!,500
TLM,2023,Apr,NL,NM,,9,Ethanol,Arthritica,28,,0.024,0.016,0.002,0.666666667,0.125,0.083333333,500
TLM,2023,Apr,NL,NM,,9,Ethanol,Hiatula,1,0.822,0.545,0.115,0.084,0.211009174,0.730434783,0.15412844,500
TLM,2023,Apr,NL,NM,,10,Ethanol,Euchone,5,,0.001,,,0,#DIV/0!,0,500
TLM,2023,Apr,NL,NM,,10,Ethanol,Simplisetia,27,,0.034,0.012,0.004,0.352941176,0.333333333,0.117647059,500
TLM,2023,Apr,NL,NM,,10,Ethanol,Amphipoda,15,,0.001,,,0,#DIV/0!,0,500
TLM,2023,Apr,NL,NM,,10,Ethanol,Capitella,35,,0.014,0.005,0.002,0.357142857,0.4,0.142857143,500
TLM,2023,Apr,NL,NM,,10,Ethanol,Chironomidae,2,,0,,,#DIV/0!,#DIV/0!,#DIV/0!,500
TLM,2023,Apr,NL,NM,,10,Ethanol,Salinator,2,,0.003,,,0,#DIV/0!,0,500
TLM,2023,Apr,NL,NM,,10,Ethanol,Australonereis,3,,0.006,0,-0.002,0,#DIV/0!,-0.333333333,500
TLM,2023,Apr,NL,NM,,10,Ethanol,Hydrobiidae,1,,-0.002,,,0,#DIV/0!,0,500
TLM,2023,Apr,NL,NM,,10,Ethanol,Arthritica,21,,0.025,0.015,0.001,0.6,0.066666667,0.04,500
TLM,2023,Apr,SL,ParP,,1,Ethanol,Capitella,178,,0.052,0.009,0.008,0.173076923,0.888888889,0.153846154,500
TLM,2023,Apr,SL,ParP,,1,Ethanol,Chironomidae,1,,0,,,#DIV/0!,#DIV/0!,#DIV/0!,500
TLM,2023,Apr,SL,ParP,,1,Ethanol,Dolichopodidae,5,,0.002,,,0,#DIV/0!,0,500
TLM,2023,Apr,SL,ParP,,1,Ethanol,Ceratopogonidae,1,,0,,,#DIV/0!,#DIV/0!,#DIV/0!,500
TLM,2023,Apr,SL,ParP,,1,Ethanol,Empididae,4,,0.008,0.002,0.001,0.25,0.5,0.125,500
TLM,2023,Apr,SL,ParP,,1,Ethanol,Australonereis,3,,0.109,0.014,0.014,0.128440367,1,0.128440367,500
TLM,2023,Apr,SL,ParP,,1,Ethanol,c.f. Tephritidae,24,,0.022,0.006,0.004,0.272727273,0.666666667,0.181818182,500
TLM,2023,Apr,SL,ParP,,2,Ethanol,Amphipoda,1,,0.001,,,0,#DIV/0!,0,500
TLM,2023,Apr,SL,ParP,,2,Ethanol,Capitella,46,,0.012,0.004,0.003,0.333333333,0.75,0.25,500
TLM,2023,Apr,SL,ParP,,2,Ethanol,Chironomidae,42,,0.03,0.007,0.005,0.233333333,0.714285714,0.166666667,500
TLM,2023,Apr,SL,ParP,,2,Ethanol,Australonereis,3,,0.894,0.158,0.103,0.176733781,0.651898734,0.115212528,500
TLM,2023,Apr,SL,ParP,,3,Ethanol,Capitella,44,,0.009,0.002,0.002,0.222222222,1,0.222222222,500
TLM,2023,Apr,SL,ParP,,3,Ethanol,Chironomidae,51,,0.056,0.011,0.009,0.196428571,0.818181818,0.160714286,500
TLM,2023,Apr,SL,ParP,,3,Ethanol,Australonereis,1,,0.256,0.041,0.037,0.16015625,0.902439024,0.14453125,500
TLM,2023,Apr,SL,ParP,,4,Ethanol,Capitella,35,,0.017,0.006,0.002,0.352941176,0.333333333,0.117647059,500
TLM,2023,Apr,SL,ParP,,4,Ethanol,Chironomidae,12,,0.013,0.006,0.001,0.461538462,0.166666667,0.076923077,500
TLM,2023,Apr,SL,ParP,,4,Ethanol,Spisula,12,1.129,0.168,0.028,0.022,0.166666667,0.785714286,0.130952381,500
TLM,2023,Apr,SL,ParP,,4,Ethanol,Empididae,1,,0.009,0.004,0.001,0.444444444,0.25,0.111111111,500
TLM,2023,Apr,SL,ParP,,5,Ethanol,Capitella,42,,0.023,0.009,0.003,0.391304348,0.333333333,0.130434783,500
TLM,2023,Apr,SL,ParP,,5,Ethanol,Chironomidae,3,,0.004,0.002,0.001,0.5,0.5,0.25,500
TLM,2023,Apr,SL,ParP,,5,Ethanol,Simplisetia,1,,0.001,,,0,#DIV/0!,0,500
TLM,2023,Apr,SL,ParP,,5,Ethanol,Spisula,8,0.914,0.11,0.017,0.014,0.154545455,0.823529412,0.127272727,500
TLM,2023,Apr,SL,ParP,,5,Ethanol,Hydrobiidae,1,,0.014,0.009,0,0.642857143,0,0,500
TLM,2023,Apr,SL,ParP,,5,Ethanol,Coxiella,1,,0.03,0.018,0.001,0.6,0.055555556,0.033333333,500
TLM,2023,Apr,SL,ParP,,6,Ethanol,Amphipoda,4,,0.001,,,0,#DIV/0!,0,500
TLM,2023,Apr,SL,ParP,,6,Ethanol,Capitella,64,,0.027,0.008,0.005,0.296296296,0.625,0.185185185,500
TLM,2023,Apr,SL,ParP,,6,Ethanol,Chironomidae,21,,0.017,0.004,0.002,0.235294118,0.5,0.117647059,500
TLM,2023,Apr,SL,ParP,,6,Ethanol,Euchone,1,,0.002,0,0,0,#DIV/0!,0,500
TLM,2023,Apr,SL,ParP,,6,Ethanol,Ceratopogonidae,1,,0.005,0.004,0,0.8,0,0,500
TLM,2023,Apr,SL,ParP,,6,Ethanol,Australonereis,2,,0.006,0.002,0.002,0.333333333,1,0.333333333,500
TLM,2023,Apr,SL,ParP,,7,Ethanol,Capitella,32,,0.016,0.006,0.001,0.375,0.166666667,0.0625,500
TLM,2023,Apr,SL,ParP,,7,Ethanol,Chironomidae,2,,0.005,0.003,-0.001,0.6,-0.333333333,-0.2,500
TLM,2023,Apr,SL,ParP,,7,Ethanol,Empididae,,,0.002,,,0,#DIV/0!,0,500
TLM,2023,Apr,SL,ParP,,7,Ethanol,Spisula,1,0.049,0.006,0.001,0.001,0.166666667,1,0.166666667,500
TLM,2023,Apr,SL,ParP,,7,Ethanol,Euchone,1,,0.002,,,0,#DIV/0!,0,500
TLM,2023,Apr,SL,ParP,,8,Ethanol,Capitella,42,,0.021,0.006,0.004,0.285714286,0.666666667,0.19047619,500
TLM,2023,Apr,SL,ParP,,8,Ethanol,Chironomidae,11,,0.009,0.002,0.001,0.222222222,0.5,0.111111111,500
TLM,2023,Apr,SL,ParP,,8,Ethanol,Simplisetia,1,,0.002,,,0,#DIV/0!,0,500
TLM,2023,Apr,SL,ParP,,8,Ethanol,Amphipoda,1,,0.002,,,0,#DIV/0!,0,500
TLM,2023,Apr,SL,ParP,,9,Ethanol,Capitella,70,,0.031,0.007,0.005,0.225806452,0.714285714,0.161290323,500
TLM,2023,Apr,SL,ParP,,9,Ethanol,Chironomidae,35,,0.03,0.011,0.005,0.366666667,0.454545455,0.166666667,500
TLM,2023,Apr,SL,ParP,,9,Ethanol,Amphipoda,5,,0.003,0.001,0,0.333333333,0,0,500
TLM,2023,Apr,SL,ParP,,9,Ethanol,Spisula,4,0.606,0.066,0.01,0.009,0.151515152,0.9,0.136363636,500
TLM,2023,Apr,SL,ParP,,10,Ethanol,Capitella,49,,0.023,0.007,0.004,0.304347826,0.571428571,0.173913043,500
TLM,2023,Apr,SL,ParP,,10,Ethanol,Chironomidae,8,,0.007,0.002,0,0.285714286,0,0,500
TLM,2023,Apr,SL,ParP,,10,Ethanol,Spisula,2,0.287,0.021,0.007,0.004,0.333333333,0.571428571,0.19047619,500
TLM,2023,Apr,SL,ParP,,10,Ethanol,Amphipoda,1,,0.002,0.001,0,0.5,0,0,500
TLM,2023,Apr,SL,VdY,,1,Ethanol,Capitella,200,,0.046,0.008,0.008,0.173913043,1,0.173913043,500
TLM,2023,Apr,SL,VdY,,1,Ethanol,Chironomidae,19,,0.007,0.003,0.001,0.428571429,0.333333333,0.142857143,500
TLM,2023,Apr,SL,VdY,,1,Ethanol,Oligochaeta,58,,0.005,0.001,0.001,0.2,1,0.2,500
TLM,2023,Apr,SL,VdY,,1,Ethanol,Empididae,2,,0.005,0.002,0,0.4,0,0,500
TLM,2023,Apr,SL,VdY,,1,Ethanol,Salinator,1,,0.047,0.039,0.021,0.829787234,0.538461538,0.446808511,500
TLM,2023,Apr,SL,VdY,,2,Ethanol,Capitella,49,,0.016,0.006,0.003,0.375,0.5,0.1875,500
TLM,2023,Apr,SL,VdY,,2,Ethanol,Chironomidae,3,,0.003,,,0,#DIV/0!,0,500
TLM,2023,Apr,SL,VdY,,2,Ethanol,Salinator,2,,0.276,0.194,0.093,0.702898551,0.479381443,0.336956522,500
TLM,2023,Apr,SL,VdY,,3,Ethanol,Capitella,155,,0.058,0.012,0.008,0.206896552,0.666666667,0.137931034,500
TLM,2023,Apr,SL,VdY,,3,Ethanol,Chironomidae,56,,0.023,0.007,0.003,0.304347826,0.428571429,0.130434783,500
TLM,2023,Apr,SL,VdY,,3,Ethanol,Empididae,4,,0.004,0.001,-0.001,0.25,-1,-0.25,500
TLM,2023,Apr,SL,VdY,,3,Ethanol,Spisula,2,0.597,0.073,0.016,0.01,0.219178082,0.625,0.136986301,500
TLM,2023,Apr,SL,VdY,,3,Ethanol,Salinator,2,,0.291,0.231,0.121,0.793814433,0.523809524,0.41580756,500
TLM,2023,Apr,SL,VdY,,3,Ethanol,Oligochaeta,2,,0.002,,,0,#DIV/0!,0,500
TLM,2023,Apr,SL,VdY,,4,Ethanol,Capitella,363,,0.129,0.022,0.016,0.170542636,0.727272727,0.124031008,500
TLM,2023,Apr,SL,VdY,,4,Ethanol,Chironomidae,40,,0.021,0.005,0.003,0.238095238,0.6,0.142857143,500
TLM,2023,Apr,SL,VdY,,4,Ethanol,Spisula,12,0.768,0.101,0.017,0.01,0.168316832,0.588235294,0.099009901,500
TLM,2023,Apr,SL,VdY,,5,Ethanol,Capitella,124,,0.056,0.014,0.009,0.25,0.642857143,0.160714286,500
TLM,2023,Apr,SL,VdY,,5,Ethanol,Chironomidae,17,,0.009,0.004,0.001,0.444444444,0.25,0.111111111,500
TLM,2023,Apr,SL,VdY,,5,Ethanol,Spisula,4,0.456,0.057,0.016,0.007,0.280701754,0.4375,0.122807018,500
TLM,2023,Apr,SL,VdY,,6,Ethanol,Capitella,137,,0.085,0.017,0.012,0.2,0.705882353,0.141176471,500
TLM,2023,Apr,SL,VdY,,6,Ethanol,Arthritica,3,,0.019,0.014,0.001,0.736842105,0.071428571,0.052631579,500
TLM,2023,Apr,SL,VdY,,6,Ethanol,Spisula,11,2.146,0.306,0.051,0.042,0.166666667,0.823529412,0.137254902,500
TLM,2023,Apr,SL,VdY,,6,Ethanol,Chironomidae,15,,0.01,0.005,0.001,0.5,0.2,0.1,500
TLM,2023,Apr,SL,VdY,,7,Ethanol,Capitella,350,,0.119,0.021,0.017,0.176470588,0.80952381,0.142857143,500
TLM,2023,Apr,SL,VdY,,7,Ethanol,Spisula,23,4.035,0.464,0.072,0.06,0.155172414,0.833333333,0.129310345,500
TLM,2023,Apr,SL,VdY,,7,Ethanol,Chironomidae,153,,0.078,0.016,0.01,0.205128205,0.625,0.128205128,500
TLM,2023,Apr,SL,VdY,,8,Ethanol,Capitella,154,,0.061,0.01,0.007,0.163934426,0.7,0.114754098,500
TLM,2023,Apr,SL,VdY,,8,Ethanol,Chironomidae,183,,0.116,0.023,0.014,0.198275862,0.608695652,0.120689655,500
TLM,2023,Apr,SL,VdY,,8,Ethanol,Spisula,4,0.603,0.077,0.017,0.008,0.220779221,0.470588235,0.103896104,500
TLM,2023,Apr,SL,VdY,,8,Ethanol,Salinator,1,,0.034,0.017,0.003,0.5,0.176470588,0.088235294,500
TLM,2023,Apr,SL,VdY,,9,Ethanol,Capitella,127,,0.04,0.009,0.005,0.225,0.555555556,0.125,500
TLM,2023,Apr,SL,VdY,,9,Ethanol,Chironomidae,1,,0.002,,,0,#DIV/0!,0,500
TLM,2023,Apr,SL,VdY,,9,Ethanol,Spisula,12,2.513,0.365,0.103,0.036,0.282191781,0.349514563,0.098630137,500
TLM,2023,Apr,SL,VdY,,9,Ethanol,Salinator,1,,0.002,,,0,#DIV/0!,0,500
TLM,2023,Apr,SL,VdY,,10,Ethanol,Capitella,115,,0.057,0.012,0.008,0.210526316,0.666666667,0.140350877,500
TLM,2023,Apr,SL,VdY,,10,Ethanol,Spisula,13,1.305,0.161,0.035,0.018,0.217391304,0.514285714,0.111801242,500
TLM,2023,Apr,SL,VdY,,10,Ethanol,Chironomidae,7,,0.008,0.002,0.001,0.25,0.5,0.125,500
TLM,2023,Apr,SL,JP,,1,Ethanol,Chironomidae,11,,0.004,0.002,0,0.5,0,0,500
TLM,2023,Apr,SL,JP,,1,Ethanol,Ceratopogonidae,3,,0.002,,,0,#DIV/0!,0,500
TLM,2023,Apr,SL,JP,,1,Ethanol,Capitella,56,,0.008,0.002,0.002,0.25,1,0.25,500
TLM,2023,Apr,SL,JP,,2,Ethanol,Capitella,50,,0.008,0.003,0.002,0.375,0.666666667,0.25,500
TLM,2023,Apr,SL,JP,,2,Ethanol,Chironomidae,3,,0.002,0.001,0,0.5,0,0,500
TLM,2023,Apr,SL,JP,,2,Ethanol,Ceratopogonidae,1,,0.003,0.002,0,0.666666667,0,0,500
TLM,2023,Apr,SL,JP,,3,Ethanol,Chironomidae,5,,0.001,,,0,#DIV/0!,0,500
TLM,2023,Apr,SL,JP,,3,Ethanol,Capitella,84,,0.011,0.002,0.002,0.181818182,1,0.181818182,500
TLM,2023,Apr,SL,JP,,4,Ethanol,Capitella,31,,0.008,0.004,0.002,0.5,0.5,0.25,500
TLM,2023,Apr,SL,JP,,4,Ethanol,Chironomidae,7,,0.002,0.001,0,0.5,0,0,500
TLM,2023,Apr,SL,JP,,5,Ethanol,Capitella,19,,0.004,0.001,0,0.25,0,0,500
TLM,2023,Apr,SL,JP,,5,Ethanol,Chironomidae,9,,0.003,,,0,#DIV/0!,0,500
TLM,2023,Apr,SL,JP,,6,Ethanol,Capitella,67,,0.019,0.004,0.003,0.210526316,0.75,0.157894737,500
TLM,2023,Apr,SL,JP,,6,Ethanol,Chironomidae,6,,0.002,,,0,#DIV/0!,0,500
TLM,2023,Apr,SL,JP,,7,Ethanol,Capitella,25,,0.007,0.003,0.002,0.428571429,0.666666667,0.285714286,500
TLM,2023,Apr,SL,JP,,7,Ethanol,Chironomidae,15,,0.005,0.003,0.001,0.6,0.333333333,0.2,500
TLM,2023,Apr,SL,JP,,8,Ethanol,Capitella,6,,0.003,0.002,0.001,0.666666667,0.5,0.333333333,500
TLM,2023,Apr,SL,JP,,8,Ethanol,Chironomidae,1,,0.003,0.002,0,0.666666667,0,0,500
TLM,2023,Apr,SL,JP,,9,Ethanol,Capitella,56,,0.013,0.003,0.001,0.230769231,0.333333333,0.076923077,500
TLM,2023,Apr,SL,JP,,9,Ethanol,Chironomidae,8,,0.003,0.001,0,0.333333333,0,0,500
TLM,2023,Apr,SL,JP,,10,Ethanol,Capitella,96,,0.023,0.004,0.003,0.173913043,0.75,0.130434783,500
TLM,2023,Apr,SL,JP,,10,Ethanol,Chironomidae,42,,0.006,0.002,0,0.333333333,0,0,500
TLM,2023,Apr,SL,LR,,1,Ethanol,Chironomidae,24,,0.015,0.006,0.002,0.4,0.333333333,0.133333333,500
TLM,2023,Apr,SL,LR,,1,Ethanol,Ceratopogonidae,9,,0.01,0.006,0.001,0.6,0.166666667,0.1,500
TLM,2023,Apr,SL,LR,,1,Ethanol,Empididae,3,,0.003,0,0,0,#DIV/0!,0,500
TLM,2023,Apr,SL,LR,,2,Ethanol,Chironomidae,101,,0.041,0.009,0.005,0.219512195,0.555555556,0.12195122,500
TLM,2023,Apr,SL,LR,,2,Ethanol,Ceratopogonidae,2,,0.001,,,0,#DIV/0!,0,500
TLM,2023,Apr,SL,LR,,3,Ethanol,Chironomidae,48,,0.018,0.005,0.003,0.277777778,0.6,0.166666667,500
TLM,2023,Apr,SL,LR,,3,Ethanol,Ceratopogonidae,2,,0.004,0.002,0,0.5,0,0,500
TLM,2023,Apr,SL,LR,,4,Ethanol,Chironomidae,68,,0.019,0.004,0.003,0.210526316,0.75,0.157894737,500
TLM,2023,Apr,SL,LR,,5,Ethanol,Chironomidae,48,,0.014,0.003,0.002,0.214285714,0.666666667,0.142857143,500
TLM,2023,Apr,SL,LR,,5,Ethanol,Ceratopogonidae,3,,0.003,,,0,#DIV/0!,0,500
TLM,2023,Apr,SL,LR,,6,Ethanol,Chironomidae,29,,0.008,0.001,0.001,0.125,1,0.125,500
TLM,2023,Apr,SL,LR,,6,Ethanol,Ceratopogonidae,1,,0.002,,,0,#DIV/0!,0,500
TLM,2023,Apr,SL,LR,,7,Ethanol,Chironomidae,152,,0.045,0.009,0.006,0.2,0.666666667,0.133333333,500
TLM,2023,Apr,SL,LR,,7,Ethanol,Ceratopogonidae,1,,0.002,0,0,0,#DIV/0!,0,500
TLM,2023,Apr,SL,LR,,8,Ethanol,Chironomidae,80,,0.025,0.005,0.003,0.2,0.6,0.12,500
TLM,2023,Apr,SL,LR,,9,Ethanol,Chironomidae,74,,0.024,0.006,0.004,0.25,0.666666667,0.166666667,500
TLM,2023,Apr,SL,LR,,9,Ethanol,Ceratopogonidae,2,,0.002,,,0,#DIV/0!,0,500
TLM,2023,Apr,SL,LR,,10,Ethanol,Chironomidae,17,,0.005,0.001,0,0.2,0,0,500
OL,2019,June,MM,PP,,1,Ethanol,Arthritica,270,,0.433,0.295,0.049,0.681293303,0.166101695,0.113163972,500
OL,2019,June,MM,PP,,1,Ethanol,Amphipoda,65,,0.036,0.011,0.004,0.305555556,0.363636364,0.111111111,500
OL,2019,June,MM,PP,,1,Ethanol,Capitella,189,,0.09,0.028,0.011,0.311111111,0.392857143,0.122222222,500
OL,2019,June,MM,PP,,1,Ethanol,Simplisetia,51,,0.251,0.055,0.03,0.219123506,0.545454545,0.119521912,500
OL,2019,June,MM,PP,,1,Ethanol,Salinator,3,,0.029,0.015,0.003,0.517241379,0.2,0.103448276,500
OL,2019,June,MM,PP,,1,Ethanol,Hydrobiidae,1,,0.004,0.002,0.001,0.5,0.5,0.25,500
OL,2019,June,MM,PP,,2,Ethanol,Arthritica,190,,0.355,0.223,0.012,0.628169014,0.053811659,0.033802817,500
OL,2019,June,MM,PP,,2,Ethanol,Capitella,64,,0.032,0.008,0.005,0.25,0.625,0.15625,500
OL,2019,June,MM,PP,,2,Ethanol,Simplisetia,10,,0.013,0.003,0.003,0.230769231,1,0.230769231,500
OL,2019,June,MM,PP,,2,Ethanol,Amphipoda,45,,0.022,0.004,0.001,0.181818182,0.25,0.045454545,500
OL,2019,June,MM,PP,,3,Ethanol,Arthritica,48,,0.086,0.055,0.005,0.639534884,0.090909091,0.058139535,500
OL,2019,June,MM,PP,,3,Ethanol,Amphipoda,29,,0.016,0.003,0.001,0.1875,0.333333333,0.0625,500
OL,2019,June,MM,PP,,3,Ethanol,Capitella,94,,0.043,0.01,0.006,0.23255814,0.6,0.139534884,500
OL,2019,June,MM,PP,,3,Ethanol,Simplisetia,12,,0.017,0.004,0.001,0.235294118,0.25,0.058823529,500
OL,2019,June,MM,PP,,4,Ethanol,Amphipoda,6,,0.004,0.001,0.001,0.25,1,0.25,500
OL,2019,June,MM,PP,,4,Ethanol,Arthritica,130,,0.172,0.107,0.007,0.622093023,0.065420561,0.040697674,500
OL,2019,June,MM,PP,,4,Ethanol,Simplisetia,6,,0.008,0.002,0.002,0.25,1,0.25,500
OL,2019,June,MM,PP,,5,Ethanol,Hydrobiidae,2,,0.004,0.002,0.001,0.5,0.5,0.25,500
OL,2019,June,MM,PP,,5,Ethanol,Simplisetia,7,,0.012,0.004,0.002,0.333333333,0.5,0.166666667,500
OL,2019,June,MM,PP,,5,Ethanol,Arthritica,242,,0.315,0.204,0.016,0.647619048,0.078431373,0.050793651,500
OL,2019,June,MM,PP,,5,Ethanol,Amphipoda,37,,0.013,0.003,0.001,0.230769231,0.333333333,0.076923077,500
OL,2019,June,MM,PP,,6,Ethanol,Simplisetia,3,,0.01,0.005,0.002,0.5,0.4,0.2,500
OL,2019,June,MM,PP,,6,Ethanol,Hydrobiidae,4,,0.008,0.005,-0.001,0.625,-0.2,-0.125,500
OL,2019,June,MM,PP,,6,Ethanol,Arthritica,418,,0.693,0.472,0.078,0.681096681,0.165254237,0.112554113,500
OL,2019,June,MM,PP,,7,Ethanol,Arthritica,230,,0.35,0.224,0.018,0.64,0.080357143,0.051428571,500
OL,2019,June,MM,PP,,7,Ethanol,Amphipoda,18,,0.009,0.003,0.001,0.333333333,0.333333333,0.111111111,500
OL,2019,June,MM,PP,,8,Ethanol,Capitella,115,,0.04,0.01,0.003,0.25,0.3,0.075,500
OL,2019,June,MM,PP,,8,Ethanol,Arthritica,145,,0.227,0.146,0.016,0.643171806,0.109589041,0.070484581,500
OL,2019,June,MM,PP,,8,Ethanol,Simplisetia,18,,0.044,0.012,0.003,0.272727273,0.25,0.068181818,500
OL,2019,June,MM,PP,,8,Ethanol,Amphipoda,16,,0.011,0.001,0.001,0.090909091,1,0.090909091,500
OL,2019,June,MM,PP,,9,Ethanol,Arthritica,168,,0.251,0.156,0.013,0.621513944,0.083333333,0.051792829,500
OL,2019,June,MM,PP,,9,Ethanol,Simplisetia,16,,0.036,0.012,0.004,0.333333333,0.333333333,0.111111111,500
OL,2019,June,MM,PP,,9,Ethanol,Capitella,96,,0.025,0.006,0.004,0.24,0.666666667,0.16,500
OL,2019,June,MM,PP,,10,Ethanol,Arthritica,242,,0.478,0.331,0.022,0.692468619,0.066465257,0.046025105,500
OL,2019,June,MM,PP,,10,Ethanol,Amphipoda,84,,0.02,0.006,0.003,0.3,0.5,0.15,500
OL,2019,June,MM,PP,,10,Ethanol,Capitella,98,,0.02,0.006,0.003,0.3,0.5,0.15,500
OL,2019,June,MM,PP,,10,Ethanol,Simplisetia,43,,0.123,0.035,0.011,0.284552846,0.314285714,0.089430894,500
OL,2019,June,MM,PP,,10,Ethanol,Salinator,3,,0.011,0.006,0,0.545454545,0,0,500
OL,2019,June,MM,PP,,10,Ethanol,Hydrobiidae,6,,0.013,0.005,0,0.384615385,0,0,500
OL,2019,June,MM,PP,,11,Ethanol,Arthritica,129,,0.289,0.193,0.022,0.667820069,0.113989637,0.076124567,500
OL,2019,June,MM,PP,,11,Ethanol,Amphipoda,51,,0.014,0.004,0,0.285714286,0,0,500
OL,2019,June,MM,PP,,11,Ethanol,Capitella,45,,0.024,0.008,0.004,0.333333333,0.5,0.166666667,500
OL,2019,June,MM,PP,,11,Ethanol,Simplisetia,43,,0.359,0.088,0.036,0.245125348,0.409090909,0.100278552,500
OL,2019,June,MM,PP,,11,Ethanol,Salinator,6,,0.177,0.074,0.011,0.418079096,0.148648649,0.062146893,500
OL,2019,June,MM,PP,,11,Ethanol,Hydrobiidae,13,,0.017,0.009,0.001,0.529411765,0.111111111,0.058823529,500
OL,2019,June,MM,PP,,12,Ethanol,Arthritica,288,,0.455,0.296,0.051,0.650549451,0.172297297,0.112087912,500
OL,2019,June,MM,PP,,12,Ethanol,Amphipoda,113,,0.045,0.009,0.003,0.2,0.333333333,0.066666667,500
OL,2019,June,MM,PP,,12,Ethanol,Capitella,260,,0.161,0.036,0.017,0.223602484,0.472222222,0.105590062,500
OL,2019,June,MM,PP,,12,Ethanol,Simplisetia,90,,0.249,0.055,0.025,0.220883534,0.454545455,0.100401606,500
OL,2019,June,MM,PP,,12,Ethanol,Salinator,9,,0.178,0.089,0.016,0.5,0.179775281,0.08988764,500
OL,2019,June,MM,PP,,12,Ethanol,Hydrobiidae,9,,0.013,0.006,-0.001,0.461538462,-0.166666667,-0.076923077,500
OL,2019,June,MM,PP,,13,Ethanol,Arthritica,63,,0.142,0.093,0.008,0.654929577,0.086021505,0.056338028,500
OL,2019,June,MM,PP,,13,Ethanol,Amphipoda,476,,0.256,0.033,0.016,0.12890625,0.484848485,0.0625,500
OL,2019,June,MM,PP,,13,Ethanol,Capitella,71,,0.047,0.013,0.005,0.276595745,0.384615385,0.106382979,500
OL,2019,June,MM,PP,,13,Ethanol,Simplisetia,70,,0.242,0.066,0.026,0.272727273,0.393939394,0.107438017,500
OL,2019,June,MM,PP,,13,Ethanol,Salinator,2,,0.024,0.013,0.003,0.541666667,0.230769231,0.125,500
OL,2019,June,MM,PP,,13,Ethanol,Hydrobiidae,10,,0.018,0.009,0,0.5,0,0,500
OL,2019,June,MM,PP,,14,Ethanol,Arthritica,25,,0.063,0.05,0.002,0.793650794,0.04,0.031746032,500
OL,2019,June,MM,PP,,14,Ethanol,Amphipoda,525,,0.227,0.031,0.015,0.136563877,0.483870968,0.066079295,500
OL,2019,June,MM,PP,,14,Ethanol,Salinator,2,,0.061,0.032,0.004,0.524590164,0.125,0.06557377,500
OL,2019,June,MM,PP,,14,Ethanol,Simplisetia,44,,0.078,0.025,0.007,0.320512821,0.28,0.08974359,500
OL,2019,June,MM,PP,,14,Ethanol,Hydrobiidae,12,,0.023,0.013,0.002,0.565217391,0.153846154,0.086956522,500
OL,2019,June,MM,PP,,15,Ethanol,Capitella,92,,0.092,0.031,0.008,0.336956522,0.258064516,0.086956522,500
OL,2019,June,MM,PP,,15,Ethanol,Amphipoda,563,,0.194,0.027,0.015,0.139175258,0.555555556,0.077319588,500
OL,2019,June,MM,PP,,15,Ethanol,Arthritica,125,,0.262,0.179,0.037,0.683206107,0.206703911,0.141221374,500
OL,2019,June,MM,PP,,15,Ethanol,Simplisetia,72,,0.279,0.083,0.023,0.297491039,0.277108434,0.082437276,500
OL,2019,June,MM,PP,,15,Ethanol,Hydrobiidae,16,,0.036,0.023,0.002,0.638888889,0.086956522,0.055555556,500
OL,2019,June,MM,PP,,15,Ethanol,Salinator,8,,0.176,0.096,0.023,0.545454545,0.239583333,0.130681818,500
OL,2019,June,NL,NM,,1,Ethanol,Capitella,65,,0.024,0.01,0.002,0.416666667,0.2,0.083333333,500
OL,2019,June,NL,NM,,2,Ethanol,Capitella,29,,0.015,0.009,0.001,0.6,0.111111111,0.066666667,500
OL,2019,June,NL,NM,,3,Ethanol,Capitella,86,,0.019,0.008,0.002,0.421052632,0.25,0.105263158,500
OL,2019,June,NL,NM,,4,Ethanol,Capitella,96,,0.021,0.007,0.003,0.333333333,0.428571429,0.142857143,500
OL,2019,June,NL,NM,,4,Ethanol,Chironomidae,13,,0.005,0.001,0,0.2,0,0,500
OL,2019,June,NL,NM,,5,Ethanol,Chironomidae,10,,0.004,0.001,0,0.25,0,0,500
OL,2019,June,NL,NM,,5,Ethanol,Capitella,106,,0.029,0.006,0.003,0.206896552,0.5,0.103448276,500
OL,2019,June,NL,NM,,6,Ethanol,Capitella,157,,0.1,0.03,0.009,0.3,0.3,0.09,500
OL,2019,June,NL,NM,,6,Ethanol,Chironomidae,39,,0.01,0.004,0.002,0.4,0.5,0.2,500
OL,2019,June,NL,NM,,7,Ethanol,Capitella,51,,0.02,0.008,0.003,0.4,0.375,0.15,500
OL,2019,June,NL,NM,,8,Ethanol,Capitella,128,,0.049,0.013,0.006,0.265306122,0.461538462,0.12244898,500
OL,2019,June,NL,NM,,8,Ethanol,Chironomidae,17,,0.006,0.002,0,0.333333333,0,0,500
OL,2019,June,NL,NM,,9,Ethanol,Capitella,77,,0.025,0.01,0.004,0.4,0.4,0.16,500
OL,2019,June,NL,NM,,9,Ethanol,Chironomidae,29,,0.006,0.002,0.001,0.333333333,0.5,0.166666667,500
OL,2019,June,NL,NM,,10,Ethanol,Capitella,66,,0.022,0.008,0.003,0.363636364,0.375,0.136363636,500
OL,2019,June,NL,NM,,10,Ethanol,Chironomidae,52,,0.011,0.003,0.002,0.272727273,0.666666667,0.181818182,500
OL,2019,June,NL,NM,,12,Ethanol,Capitella,64,,0.031,0.012,0.004,0.387096774,0.333333333,0.129032258,500
OL,2019,June,NL,NM,,13,Ethanol,Capitella,77,,0.039,0.01,0.005,0.256410256,0.5,0.128205128,500
OL,2019,June,NL,NM,,14,Ethanol,Capitella,45,,0.021,0.009,0.002,0.428571429,0.222222222,0.095238095,500
OL,2019,June,NL,NM,,15,Ethanol,Capitella,18,,0.009,0.004,0.001,0.444444444,0.25,0.111111111,500
OL,2020,Jan,MM,PP,,1,Ethanol,Arthritica,288,,0.38,0.23,0.028,0.605263158,0.12173913,0.073684211,500
OL,2020,Jan,MM,PP,,1,Ethanol,Simplisetia,110,,0.498,0.124,0.056,0.248995984,0.451612903,0.112449799,500
OL,2020,Jan,MM,PP,,1,Ethanol,Hydrobiidae,46,,0.13,0.08,0.009,0.615384615,0.1125,0.069230769,500
OL,2020,Jan,MM,PP,,1,Ethanol,Salinator (shell removed),16,2.1,0.921,0.291,0.133,0.315960912,0.457044674,0.144408252,500
OL,2020,Jan,MM,PP,,2,Ethanol,Arthritica,365,,0.467,0.275,0.039,0.588865096,0.141818182,0.083511777,500
OL,2020,Jan,MM,PP,,2,Ethanol,Simplisetia,128,,0.462,0.132,0.061,0.285714286,0.462121212,0.132034632,500
OL,2020,Jan,MM,PP,,2,Ethanol,Hydrobiidae,49,,0.146,0.091,0.012,0.623287671,0.131868132,0.082191781,500
OL,2020,Jan,MM,PP,,2,Ethanol,Salinator (shell removed),8,0.723,0.378,0.128,0.053,0.338624339,0.4140625,0.14021164,500
OL,2020,Jan,MM,PP,,3,Ethanol,Arthritica,361,,0.578,0.353,0.041,0.610726644,0.116147309,0.070934256,500
OL,2020,Jan,MM,PP,,3,Ethanol,Simplisetia,172,,0.675,0.141,0.069,0.208888889,0.489361702,0.102222222,500
OL,2020,Jan,MM,PP,,3,Ethanol,Hydrobiidae,45,,0.137,0.087,0.01,0.635036496,0.114942529,0.072992701,500
OL,2020,Jan,MM,PP,,3,Ethanol,Salinator (shell removed),12,2.558,1.271,0.408,0.204,0.321007081,0.5,0.160503541,500
OL,2020,Jan,MM,PP,,4,Ethanol,Arthritica,78,,0.109,0.072,0.009,0.660550459,0.125,0.082568807,500
OL,2020,Jan,MM,PP,,4,Ethanol,Simplisetia,125,,0.399,0.083,0.048,0.20802005,0.578313253,0.120300752,500
OL,2020,Jan,MM,PP,,4,Ethanol,Hydrobiidae,4,,0.014,0.011,0,0.785714286,0,0,500
OL,2020,Jan,MM,PP,,4,Ethanol,Salinator (shell removed),7,0.503,0.259,0.073,0.04,0.281853282,0.547945205,0.154440154,500
OL,2020,Jan,MM,PP,,5,Ethanol,Simplisetia,108,,0.511,0.119,0.054,0.232876712,0.453781513,0.105675147,500
OL,2020,Jan,MM,PP,,5,Ethanol,Arthritica,45,,0.054,0.033,0.004,0.611111111,0.121212121,0.074074074,500
OL,2020,Jan,MM,PP,,5,Ethanol,Hydrobiidae,11,,0.027,0.017,0.001,0.62962963,0.058823529,0.037037037,500
OL,2020,Jan,MM,PP,,5,Ethanol,Salinator (shell removed),11,1.919,0.999,0.311,0.138,0.311311311,0.443729904,0.138138138,500
OL,2020,Jan,MM,PP,,6,Ethanol,Arthritica,348,,0.486,0.275,0.023,0.565843621,0.083636364,0.047325103,500
OL,2020,Jan,MM,PP,,6,Ethanol,Simplisetia,153,,0.935,0.205,0.095,0.219251337,0.463414634,0.101604278,500
OL,2020,Jan,MM,PP,,6,Ethanol,Hydrobiidae,21,,0.027,0.018,0.003,0.666666667,0.166666667,0.111111111,500
OL,2020,Jan,MM,PP,,6,Ethanol,Salinator (shell removed),2,0.392,0.201,0.059,0.029,0.293532338,0.491525424,0.144278607,500
OL,2020,Jan,MM,PP,,7,Ethanol,Arthritica,535,,1.231,0.917,0.037,0.744922827,0.040348964,0.030056864,500
OL,2020,Jan,MM,PP,,7,Ethanol,Hydrobiidae,10,,0.013,0.009,0.001,0.692307692,0.111111111,0.076923077,500
OL,2020,Jan,MM,PP,,7,Ethanol,Simplisetia,194,,0.684,0.228,0.063,0.333333333,0.276315789,0.092105263,500
OL,2020,Jan,MM,PP,,8,Ethanol,Arthritica,304,,0.459,0.267,0.022,0.581699346,0.082397004,0.047930283,500
OL,2020,Jan,MM,PP,,8,Ethanol,Simplisetia,200,,0.797,0.216,0.089,0.271016311,0.412037037,0.111668758,500
OL,2020,Jan,MM,PP,,8,Ethanol,Salinator (shell removed),2,0.488,0.217,0.064,0.031,0.294930876,0.484375,0.142857143,500
OL,2020,Jan,MM,PP,,8,Ethanol,Hydrobiidae,18,,0.015,0.009,0,0.6,0,0,500
OL,2020,Jan,MM,PP,,9,Ethanol,Hydrobiidae,7,,0.014,0.008,0.001,0.571428571,0.125,0.071428571,500
OL,2020,Jan,MM,PP,,9,Ethanol,Simplisetia,154,,0.619,0.161,0.059,0.260096931,0.366459627,0.095315024,500
OL,2020,Jan,MM,PP,,9,Ethanol,Arthritica,203,,0.304,0.185,0.012,0.608552632,0.064864865,0.039473684,500
OL,2020,Jan,MM,PP,,9,Ethanol,Salinator (shell removed),2,0.31,0.141,0.045,0.018,0.319148936,0.4,0.127659574,500
OL,2020,Jan,MM,PP,,10,Ethanol,Arthritica,372,,0.583,0.346,0.03,0.59348199,0.086705202,0.051457976,500
OL,2020,Jan,MM,PP,,10,Ethanol,Simplisetia,231,,0.697,0.176,0.072,0.25251076,0.409090909,0.103299857,500
OL,2020,Jan,MM,PP,,10,Ethanol,Hydrobiidae,29,,0.043,0.028,0.003,0.651162791,0.107142857,0.069767442,500
OL,2020,Jan,MM,PP,,10,Ethanol,Salinator (shell removed),3,0.329,0.161,0.049,0.021,0.304347826,0.428571429,0.130434783,500
OL,2020,Jan,MM,PP,,11,Ethanol,Salinator (shell removed),2,0.445,0.219,0.064,0.036,0.292237443,0.5625,0.164383562,500
OL,2020,Jan,MM,PP,,11,Ethanol,Arthritica,84,,0.109,0.065,0.006,0.596330275,0.092307692,0.055045872,500
OL,2020,Jan,MM,PP,,11,Ethanol,Simplisetia,86,,0.305,0.066,0.032,0.216393443,0.484848485,0.104918033,500
OL,2020,Jan,MM,PP,,12,Ethanol,Arthritica,96,,0.174,0.106,0.01,0.609195402,0.094339623,0.057471264,500
OL,2020,Jan,MM,PP,,12,Ethanol,Simplisetia,170,,0.463,0.125,0.049,0.269978402,0.392,0.105831533,500
OL,2020,Jan,MM,PP,,12,Ethanol,Hydrobiidae,4,,0.005,0.002,0,0.4,0,0,500
OL,2020,Jan,MM,PP,,13,Ethanol,Arthritica,124,,0.198,0.124,0.014,0.626262626,0.112903226,0.070707071,500
OL,2020,Jan,MM,PP,,13,Ethanol,Simplisetia,114,,0.46,0.081,0.051,0.176086957,0.62962963,0.110869565,500
OL,2020,Jan,MM,PP,,13,Ethanol,Hydrobiidae,5,,0.007,0.002,0,0.285714286,0,0,500
OL,2020,Jan,MM,PP,,14,Ethanol,Simplisetia,89,,0.356,0.074,0.038,0.207865169,0.513513514,0.106741573,500
OL,2020,Jan,MM,PP,,14,Ethanol,Hydrobiidae,3,,0.011,0.007,0,0.636363636,0,0,500
OL,2020,Jan,MM,PP,,14,Ethanol,Arthritica,121,,0.221,0.136,0.013,0.615384615,0.095588235,0.058823529,500
OL,2020,Jan,MM,PP,,15,Ethanol,Arthritica,107,,0.156,0.091,0.008,0.583333333,0.087912088,0.051282051,500
OL,2020,Jan,MM,PP,,15,Ethanol,Simplisetia,140,,0.547,0.126,0.056,0.230347349,0.444444444,0.1023766,500
OL,2020,Jan,MM,PP,,15,Ethanol,Hydrobiidae,9,,0.019,0.011,0.001,0.578947368,0.090909091,0.052631579,500
OL,2020,Jan,MM,PP,,1,Ethanol,Chironomidae,5,,0.005,0.004,0,0.8,0,0,500
OL,2020,Jan,MM,PP,,2,Ethanol,Chironomidae,18,,0.007,0.005,0.001,0.714285714,0.2,0.142857143,500
OL,2020,Jan,MM,PP,,3,Ethanol,Chironomidae,31,,0.004,0,0,0,#DIV/0!,0,500
OL,2020,Jan,MM,PP,,4,Ethanol,Chironomidae,18,,0.003,0.001,0,0.333333333,0,0,500
OL,2020,Jan,MM,PP,,5,Ethanol,Chironomidae,21,,0.006,0.002,0.001,0.333333333,0.5,0.166666667,500
OL,2020,Jan,MM,PP,,6,Ethanol,Chironomidae,14,,0.005,0.001,0,0.2,0,0,500
OL,2020,Jan,NL,NM,,1,Ethanol,Salinator (shell removed),2,0.376,0.172,0.068,0.026,0.395348837,0.382352941,0.151162791,500
OL,2020,Jan,NL,NM,,1,Ethanol,Capitella,552,,0.18,0.043,0.016,0.238888889,0.372093023,0.088888889,500
OL,2020,Jan,NL,NM,,1,Ethanol,Amphipoda,31,,0.002,0.001,0.001,0.5,1,0.5,500
OL,2020,Jan,NL,NM,,2,Ethanol,Salinator (shell removed),4,0.412,0.146,0.057,0.031,0.390410959,0.543859649,0.212328767,500
OL,2020,Jan,NL,NM,,2,Ethanol,Capitella,459,,0.163,0.038,0.017,0.233128834,0.447368421,0.104294479,500
OL,2020,Jan,NL,NM,,2,Ethanol,Amphipoda,30,,0.008,0.002,0.001,0.25,0.5,0.125,500
OL,2020,Jan,NL,NM,,3,Ethanol,Salinator (shell removed),3,0.327,0.157,0.054,0.028,0.343949045,0.518518519,0.178343949,500
OL,2020,Jan,NL,NM,,3,Ethanol,Capitella,616,,0.289,0.071,0.023,0.24567474,0.323943662,0.079584775,500
OL,2020,Jan,NL,NM,,3,Ethanol,Amphipoda,49,,0.029,0.009,0.003,0.310344828,0.333333333,0.103448276,500
OL,2020,Jan,NL,NM,,3,Ethanol,Arthritica,3,,0.01,0.006,0,0.6,0,0,500
OL,2020,Jan,NL,NM,,4,Ethanol,Capitella,550,,0.207,0.037,0.019,0.178743961,0.513513514,0.09178744,500
OL,2020,Jan,NL,NM,,4,Ethanol,Amphipoda,58,,0.031,0.005,0.003,0.161290323,0.6,0.096774194,500
OL,2020,Jan,NL,NM,,5,Ethanol,Capitella,583,,0.239,0.052,0.022,0.217573222,0.423076923,0.092050209,500
OL,2020,Jan,NL,NM,,5,Ethanol,Amphipoda,82,,0.046,0.01,0.005,0.217391304,0.5,0.108695652,500
OL,2020,Jan,NL,NM,,5,Ethanol,Arthritica,6,,0.015,0.008,0,0.533333333,0,0,500
OL,2020,Jan,NL,NM,,5,Ethanol,Simplisetia,1,,0.006,0.001,0.001,0.166666667,1,0.166666667,500
OL,2020,Jan,NL,NM,,6,Ethanol,Capitella,378,,0.145,0.028,0.016,0.193103448,0.571428571,0.110344828,500
OL,2020,Jan,NL,NM,,6,Ethanol,Amphipoda,50,,0.044,0.009,0.005,0.204545455,0.555555556,0.113636364,500
OL,2020,Jan,NL,NM,,6,Ethanol,Arthritica,3,,0.009,0.005,0,0.555555556,0,0,500
OL,2020,Jan,NL,NM,,6,Ethanol,Salinator (shell removed),3,0.534,0.211,0.09,0.042,0.426540284,0.466666667,0.199052133,500
OL,2020,Jan,NL,NM,,7,Ethanol,Capitella,621,,0.244,0.047,0.024,0.192622951,0.510638298,0.098360656,500
OL,2020,Jan,NL,NM,,7,Ethanol,Amphipoda,46,,0.062,0.013,0.006,0.209677419,0.461538462,0.096774194,500
OL,2020,Jan,NL,NM,,8,Ethanol,Capitella,375,,0.109,0.022,0.012,0.201834862,0.545454545,0.110091743,500
OL,2020,Jan,NL,NM,,8,Ethanol,Amphipoda,36,,0.049,0.009,0.005,0.183673469,0.555555556,0.102040816,500
OL,2020,Jan,NL,NM,,8,Ethanol,Arthritica,5,,0.018,0.01,0.001,0.555555556,0.1,0.055555556,500
OL,2020,Jan,NL,NM,,9,Ethanol,Capitella,654,,0.184,0.033,0.019,0.179347826,0.575757576,0.10326087,500
OL,2020,Jan,NL,NM,,9,Ethanol,Amphipoda,42,,0.03,0.008,0.004,0.266666667,0.5,0.133333333,500
OL,2020,Jan,NL,NM,,10,Ethanol,Capitella,837,,0.291,0.062,0.028,0.213058419,0.451612903,0.096219931,500
OL,2020,Jan,NL,NM,,10,Ethanol,Amphipoda,45,,0.073,0.013,0.007,0.178082192,0.538461538,0.095890411,500
OL,2020,Jan,NL,NM,,10,Ethanol,Salinator (shell removed),2,0.198,0.096,0.035,0.013,0.364583333,0.371428571,0.135416667,500
OL,2020,Jan,NL,NM,,10,Ethanol,Arthritica,3,,0.009,0.005,-0.001,0.555555556,-0.2,-0.111111111,500
OL,2020,Jan,NL,NM,,11,Ethanol,Capitella,403,,0.101,0.024,0.01,0.237623762,0.416666667,0.099009901,500
OL,2020,Jan,NL,NM,,11,Ethanol,Amphipoda,51,,0.048,0.008,0.005,0.166666667,0.625,0.104166667,500
OL,2020,Jan,NL,NM,,12,Ethanol,Capitella,814,,0.402,0.069,0.033,0.171641791,0.47826087,0.082089552,500
OL,2020,Jan,NL,NM,,12,Ethanol,Amphipoda,41,,0.073,0.019,0.008,0.260273973,0.421052632,0.109589041,500
OL,2020,Jan,NL,NM,,12,Ethanol,Arthritica,5,,0.019,0.012,0.001,0.631578947,0.083333333,0.052631579,500
OL,2020,Jan,NL,NM,,13,Ethanol,Salinator,3,,0.004,0.002,0.001,0.5,0.5,0.25,500
OL,2020,Jan,NL,NM,,13,Ethanol,Capitella,433,,0.095,0.022,0.012,0.231578947,0.545454545,0.126315789,500
OL,2020,Jan,NL,NM,,13,Ethanol,Amphipoda,66,,0.05,0.007,0.004,0.14,0.571428571,0.08,500
OL,2020,Jan,NL,NM,,13,Ethanol,Arthritica,6,,0.013,0.007,0.001,0.538461538,0.142857143,0.076923077,500
OL,2020,Jan,NL,NM,,14,Ethanol,Capitella,551,,0.133,0.03,0.014,0.22556391,0.466666667,0.105263158,500
OL,2020,Jan,NL,NM,,14,Ethanol,Amphipoda,123,,0.07,0.013,0.006,0.185714286,0.461538462,0.085714286,500
OL,2020,Jan,NL,NM,,14,Ethanol,Arthritica,7,,0.021,0.011,0,0.523809524,0,0,500
OL,2020,Jan,NL,NM,,15,Ethanol,Capitella,573,,0.21,0.044,0.024,0.20952381,0.545454545,0.114285714,500
OL,2020,Jan,NL,NM,,15,Ethanol,Amphipoda,71,,0.022,0.004,0.004,0.181818182,1,0.181818182,500
OL,2020,Jan,NL,NM,,15,Ethanol,Arthritica,18,,0.028,0.015,0.001,0.535714286,0.066666667,0.035714286,500
OL,2020,Jan,NL,NM,,1,Ethanol,Chironomidae,42,,0.038,0.009,0.005,0.236842105,0.555555556,0.131578947,500
OL,2020,Jan,NL,NM,,2,Ethanol,Chironomidae,7,,0.007,0.005,0.001,0.714285714,0.2,0.142857143,500
OL,2020,Jan,NL,NM,,3,Ethanol,Chironomidae,19,,0.012,0.003,0.002,0.25,0.666666667,0.166666667,500
OL,2020,Jan,NL,NM,,4,Ethanol,Chironomidae,23,,0.017,0.004,0.001,0.235294118,0.25,0.058823529,500
OL,2020,Jan,NL,NM,,5,Ethanol,Chironomidae,50,,0.022,0.004,0.003,0.181818182,0.75,0.136363636,500
OL,2020,Jan,NL,NM,,6,Ethanol,Chironomidae,38,,0.024,0.004,0.002,0.166666667,0.5,0.083333333,500
OL,2020,Jan,NL,NM,,7,Ethanol,Chironomidae,40,,0.023,0.005,0.004,0.217391304,0.8,0.173913043,500
OL,2020,Jan,NL,NM,,8,Ethanol,Chironomidae,28,,0.017,0.004,0.001,0.235294118,0.25,0.058823529,500
OL,2020,Jan,NL,NM,,9,Ethanol,Chironomidae,27,,0.02,0.008,0.002,0.4,0.25,0.1,500
OL,2020,Jan,NL,NM,,10,Ethanol,Chironomidae,44,,0.026,0.005,0.003,0.192307692,0.6,0.115384615,500
OL,2020,Jan,NL,NM,,11,Ethanol,Chironomidae,5,,0.008,0.002,0,0.25,0,0,500
OL,2020,Jan,NL,NM,,12,Ethanol,Chironomidae,18,,0.011,0.002,0.001,0.181818182,0.5,0.090909091,500
OL,2020,Jan,NL,NM,,13,Ethanol,Chironomidae,8,,0.006,0.002,-0.001,0.333333333,-0.5,-0.166666667,500
OL,2020,Jan,NL,NM,,2,Ethanol,Spisula,1,0.9,0.079,0.021,0.017,0.265822785,0.80952381,0.215189873,500
OL,2020,Jan,NL,NM,,3,Ethanol,Spisula,2,1.564,0.161,0.052,0.02,0.322981366,0.384615385,0.124223602,500
OL,2020,Jan,NL,NM,,8,Ethanol,Spisula,1,1.082,0.136,0.031,0.018,0.227941176,0.580645161,0.132352941,500
OL,2020,Jan,NL,NM,,9,Ethanol,Spisula,1,0.856,0.095,0.019,0.016,0.2,0.842105263,0.168421053,500
OL,2020,Jan,NL,NM,,10,Ethanol,Spisula,1,0.99,0.135,0.026,0.021,0.192592593,0.807692308,0.155555556,500
OL,2020,Jan,NL,NM,,11,Ethanol,Spisula,1,1.212,0.138,0.043,0.018,0.311594203,0.418604651,0.130434783,500
OL,2020,Jan,NL,NM,,12,Ethanol,Spisula,1,0.907,0.124,0.031,0.021,0.25,0.677419355,0.169354839,500
OL,2020,Jan,NL,NM,,13,Ethanol,Spisula,2,1.389,0.155,0.04,0.028,0.258064516,0.7,0.180645161,500
OL,2020,Jan,NL,NM,,14,Ethanol,Spisula,1,0.941,0.116,0.03,0.019,0.25862069,0.633333333,0.163793103,500
OL,2020,Jan,NL,NM,,15,Ethanol,Spisula,1,0.046,0.008,0.003,0.002,0.375,0.666666667,0.25,500
,2020,,,HC,,1,Formalin,Arthritica,88,,0.1833,0.1103,0.0157,0.601745772,0.142339075,0.085651937,500
,2020,,,HC,,1,Formalin,Capitella,2,,0.001,0.0003,0.0003,0.3,1,0.3,500
,2020,,,HC,,1,Formalin,Hydrobiidae,1,,0.0076,0.0066,0.0027,0.868421053,0.409090909,0.355263158,500
,2020,,,HC,,1,Formalin,Salinator,4,,0.0335,0.017,0.003,0.507462687,0.176470588,0.089552239,500
,2020,,,HC,,2,Formalin,Arthritica,63,,0.1477,0.082,0.0042,0.555179418,0.051219512,0.028436019,500
,2020,,,HC,,2,Formalin,Hydrobiidae,2,,0.018,0.01355,0.0047,0.752777778,0.346863469,0.261111111,500
,2020,,,HC,,2,Formalin,Salinator,2,,0.0055,0.0014,0.0002,0.254545455,0.142857143,0.036363636,500
,2020,,,HC,,3,Formalin,Arthritica,171,,0.3033,0.15505,0.0226,0.511210023,0.145759432,0.074513683,500
,2020,,,HC,,3,Formalin,Hydrobiidae,6,,0.0608,0.04355,0.0098,0.716282895,0.225028703,0.161184211,500
,2020,,,HC,,3,Formalin,Paragrapsus,1,,0.029,0.0036,0.003,0.124137931,0.833333333,0.103448276,500
,2020,,,HC,,3,Formalin,Salinator,7,,0.7241,0.3671,0.068,0.506974175,0.185235631,0.093909681,500
,2020,,,HC,,3,Formalin,Simplisetia,1,,0.0007,0.0003,0.0002,0.428571429,0.666666667,0.285714286,500
,2020,,,HC,,4,Formalin,Arthritica,106,,0.2115,0.13475,0.0246,0.637115839,0.182560297,0.116312057,500
,2020,,,HC,,4,Formalin,Hydrobiidae,5,,0.034,0.0236,0.0088,0.694117647,0.372881356,0.258823529,500
,2020,,,HC,,4,Formalin,Salinator,1,,0.0167,0.00735,0.0015,0.44011976,0.204081633,0.089820359,500
,2020,,,HC,,5,Formalin,Arthritica,119,,0.2539,0.12845,0.0196,0.505907838,0.152588556,0.077195746,500
,2020,,,HC,,5,Formalin,Hydrobiidae,2,,0.0269,0.021,0.0076,0.780669145,0.361904762,0.282527881,500
,2020,,,HC,,5,Formalin,Phyllodoce,1,,0.0193,0.0032,0.0027,0.165803109,0.84375,0.139896373,500
,2020,,,HC,,5,Formalin,Salinator,1,,0.0134,0.0069,0.0024,0.514925373,0.347826087,0.179104478,500
,2020,,,HC,,1,Formalin,Arthritica,3,,0.0165,0.0128,0.0037,0.775757576,0.2890625,0.224242424,2000
,2020,,,HC,,1,Formalin,Capitella,1,,0.0033,0.00095,0.0014,0.287878788,1.473684211,0.424242424,2000
,2020,,,HC,,1,Formalin,Hydrobiidae,44,,0.3973,0.32795,0.1074,0.825446766,0.327488946,0.270324692,2000
,2020,,,HC,,1,Formalin,Phyllodoce,2,,0.0655,0.0108,0.0104,0.164885496,0.962962963,0.158778626,2000
,2020,,,HC,,1,Formalin,Salinator,21,,2.1905,1.2135,0.2812,0.553983109,0.231726411,0.128372518,2000
,2020,,,HC,,2,Formalin,Hydrobiidae,3,,0.0431,0.03425,0.0104,0.794663573,0.303649635,0.241299304,2000
,2020,,,HC,,2,Formalin,Salinator,35,,3.9257,2.1568,0.4564,0.549405202,0.211609792,0.116259521,2000
,2020,,,HC,,3,Formalin,Hiatula,1,,0.0791,0.0213,0.0279,0.269279393,1.309859155,0.352718078,2000
,2020,,,HC,,3,Formalin,Hydrobiidae,11,,0.1009,0.0869,0.0004,0.861248761,0.004602992,0.003964321,2000
,2020,,,HC,,3,Formalin,Oligochaeta,1,,0.0004,0.0005,1.277,1.25,2554,3192.5,2000
,2020,,,HC,,3,Formalin,Salinator,80,,12.661,6.7065,0.019,0.529697496,0.002833072,0.001500671,2000
,2020,,,HC,,4,Formalin,Arthritica,3,,0.0151,0.0103,0.0022,0.682119205,0.213592233,0.145695364,2000
,2020,,,HC,,4,Formalin,Hydrobiidae,23,,0.2016,0.17525,0.0626,0.869295635,0.357203994,0.310515873,2000
,2020,,,HC,,4,Formalin,Paragrapsus,1,,0.0173,0.003,0.0019,0.173410405,0.633333333,0.10982659,2000
,2020,,,HC,,4,Formalin,Phyllodoce,19,,0.6896,0.0997,0.0747,0.144576566,0.749247743,0.108323666,2000
,2020,,,HC,,4,Formalin,Salinator,32,,4.1836,2.3115,0.5189,0.552514581,0.224486264,0.124031934,2000
,2020,,,HC,,4,Formalin,Simplisetia,1,,0.0005,0.0004,0.0002,0.8,0.5,0.4,2000
,2020,,,HC,,5,Formalin,Arthritica,1,,0.001,0.00055,0.0002,0.55,0.363636364,0.2,2000
,2020,,,HC,,5,Formalin,Capitella,2,,0.0034,0.0005,0.0002,0.147058824,0.4,0.058823529,2000
,2020,,,HC,,5,Formalin,Hiatula,1,,0.3224,0.08955,0.0047,0.277760546,0.052484645,0.014578164,2000
,2020,,,HC,,5,Formalin,Hydrobiidae,4,,0.0399,0.0283,0.025,0.709273183,0.883392226,0.626566416,2000
,2020,,,HC,,5,Formalin,Nephtys,1,,0.1796,0.03175,0.0086,0.176781737,0.270866142,0.047884187,2000
,2020,,,HC,,5,Formalin,Paragrapsus,2,,0.0482,0.01295,0.0725,0.268672199,5.598455598,1.504149378,2000
,2020,,,HC,,5,Formalin,Salinator,11,,0.5256,0.2808,0.058,0.534246575,0.206552707,0.110350076,2000
,2020,,,NM,,1,Formalin,Arthritica,2,,0.0084,0.00655,0.0033,0.779761905,0.503816794,0.392857143,500
,2020,,,NM,,1,Formalin,Capitella,325,,0.1625,0.0287,0.0227,0.176615385,0.790940767,0.139692308,500
,2020,,,NM,,1,Formalin,Simplisetia,1,,0.104,0.0158,0.0173,0.151923077,1.094936709,0.166346154,500
,2020,,,NM,,2,Formalin,Capitella,239,,0.1708,0.0277,0.0228,0.162177986,0.823104693,0.133489461,500
,2020,,,NM,,3,Formalin,Capitella,363,,0.3106,0.0534,0.0387,0.171925306,0.724719101,0.124597553,500
,2020,,,NM,,3,Formalin,Salinator,1,,0.011,0.00955,0.005,0.868181818,0.523560209,0.454545455,500
,2020,,,NM,,3,Formalin,Simplisetia,3,,0.074,0.0121,0.0106,0.163513514,0.876033058,0.143243243,500
,2020,,,NM,,4,Formalin,Arthritica,11,,0.0376,0.03205,0.0085,0.852393617,0.265210608,0.22606383,500
,2020,,,NM,,4,Formalin,Capitella,472,,0.2564,0.03905,0.0336,0.152301092,0.860435339,0.131045242,500
,2020,,,NM,,4,Formalin,Salinator,4,,0.0591,0.03345,0.008,0.565989848,0.23916293,0.13536379,500
,2020,,,NM,,4,Formalin,Simplisetia,2,,0.0022,0.0006,0.0004,0.272727273,0.666666667,0.181818182,500
,2020,,,NM,,4,Formalin,Spisula,1,,0.1058,0.0178,0.0123,0.168241966,0.691011236,0.116257089,500
,2020,,,NM,,5,Formalin,Arthritica,1,,0.0021,0.00225,0.001,1.071428571,0.444444444,0.476190476,500
,2020,,,NM,,5,Formalin,Capitella,343,,0.2294,0.0345,0.0294,0.150392328,0.852173913,0.128160418,500
,2020,,,NM,,5,Formalin,Simplisetia,1,,0.0929,0.01105,0.0105,0.118945102,0.950226244,0.113024758,500
,2020,,,NM,,1,Formalin,Capitella,39,,0.0253,0.0045,0.0038,0.177865613,0.844444444,0.150197628,2000
,2020,,,NM,,1,Formalin,Salinator,2,,0.0286,0.0208,0.0078,0.727272727,0.375,0.272727273,2000
,2020,,,NM,,1,Formalin,Simplisetia,2,,0.0708,0.0096,0.0089,0.13559322,0.927083333,0.125706215,2000
,2020,,,NM,,1,Formalin,Spisula,1,,0.0953,0.0114,0.0101,0.119622246,0.885964912,0.105981112,2000
,2020,,,NM,,2,Formalin,Capitella,9,,0.005,0.00225,0.0017,0.45,0.755555556,0.34,2000
,2020,,,NM,,2,Formalin,Salinator,1,,0.0113,0.00855,0.0039,0.756637168,0.456140351,0.345132743,2000
,2020,,,NM,,2,Formalin,Simplisetia,1,,0.0155,0.00265,0.0023,0.170967742,0.867924528,0.148387097,2000
,2020,,,NM,,3,Formalin,Capitella,17,,0.0072,0.0012,0.0012,0.166666667,1,0.166666667,2000
,2020,,,NM,,4,Formalin,Capitella,2,,0.0011,0.00035,0.0003,0.318181818,0.857142857,0.272727273,2000
,2020,,,NM,,4,Formalin,Salinator,1,,0.0095,0.00525,0.0019,0.552631579,0.361904762,0.2,2000
,2020,,,NM,,4,Formalin,Simplisetia,1,,0.0247,0.00505,0.0045,0.204453441,0.891089109,0.182186235,2000
,2020,,,NM,,5,Formalin,Capitella,2,,0.0011,0.00065,0.0003,0.590909091,0.461538462,0.272727273,2000
,2020,,,NM,,5,Formalin,Simplisetia,1,,0.0113,0.00115,0.0011,0.101769912,0.956521739,0.097345133,2000
,2020,,,PP,,1,Formalin,Arthritica,24,,0.0417,0.0227,0.0007,0.544364508,0.030837004,0.016786571,500
,2020,,,PP,,1,Formalin,Boccardiella,1,,0.0013,0.0005,0.0005,0.384615385,1,0.384615385,500
,2020,,,PP,,1,Formalin,Capitella,161,,0.3373,0.0532,0.0364,0.157723095,0.684210526,0.107915802,500
,2020,,,PP,,1,Formalin,Oligochaeta ,3,,0.001,0.0001,0.0006,0.1,6,0.6,500
,2020,,,PP,,1,Formalin,Simplisetia,129,,0.5939,0.1084,0.0561,0.18252231,0.517527675,0.094460347,500
,2020,,,PP,,2,Formalin,Arthritica,173,,0.2274,0.1644,0.0582,0.722955145,0.354014599,0.255936675,500
,2020,,,PP,,2,Formalin,Capitella,139,,0.3269,0.0339,0.0238,0.103701438,0.702064897,0.072805139,500
,2020,,,PP,,2,Formalin,Hydrobiidae,2,,0.0198,0.0126,0.0012,0.636363636,0.095238095,0.060606061,500
,2020,,,PP,,2,Formalin,Oligochaeta ,2,,0.0013,0.0003,0.0003,0.230769231,1,0.230769231,500
,2020,,,PP,,2,Formalin,Salinator,1,,0.0006,0.0002,0.0011,0.333333333,5.5,1.833333333,500
,2020,,,PP,,2,Formalin,Simplisetia,273,,1.7846,0.4581,0.2743,0.256696178,0.598777559,0.153703911,500
,2020,,,PP,,3,Formalin,Arthritica,148,,0.2328,0.177,0.0563,0.760309278,0.318079096,0.241838488,500
,2020,,,PP,,3,Formalin,Capitella,162,,0.1072,0.0178,0.0091,0.166044776,0.511235955,0.08488806,500
,2020,,,PP,,3,Formalin,Hydrobiidae,48,,0.1205,0.0828,0.0279,0.687136929,0.336956522,0.23153527,500
,2020,,,PP,,3,Formalin,Salinator,12,,0.6109,0.4218,0.1783,0.690456703,0.422712186,0.291864462,500
,2020,,,PP,,3,Formalin,Simplisetia,93,,0.9213,0.1881,0.0777,0.204168023,0.41307815,0.084337349,500
,2020,,,PP,,4,Formalin,Arthritica,206,,0.233,0.1192,0.0228,0.511587983,0.191275168,0.097854077,500
,2020,,,PP,,4,Formalin,Boccardiella,1,,0.0007,0.0003,0.0003,0.428571429,1,0.428571429,500
,2020,,,PP,,4,Formalin,Capitella,168,,0.2267,0.0387,0.0248,0.17071019,0.640826873,0.109395677,500
,2020,,,PP,,4,Formalin,Hydrobiidae,11,,0.0149,0.005,0.0014,0.33557047,0.28,0.093959732,500
,2020,,,PP,,4,Formalin,Salinator,5,,0.0043,0.002,0.0011,0.465116279,0.55,0.255813953,500
,2020,,,PP,,4,Formalin,Simplisetia,283,,2.1809,0.4238,0.2049,0.194323444,0.483482775,0.093952038,500
,2020,,,PP,,5,Formalin,Arthritica,147,,0.2116,0.1189,0.0213,0.561909263,0.179142136,0.100661626,500
,2020,,,PP,,5,Formalin,Capitella,116,,0.1417,0.0254,0.0156,0.179251941,0.614173228,0.110091743,500
,2020,,,PP,,5,Formalin,Hydrobiidae,2,,0.0015,0.0005,0.0002,0.333333333,0.4,0.133333333,500
,2020,,,PP,,5,Formalin,Salinator,1,,0.0011,0.0004,0.0002,0.363636364,0.5,0.181818182,500
,2020,,,PP,,5,Formalin,Simplisetia,285,,2.4187,0.4728,0.223,0.195476909,0.471658206,0.092198288,500
,2020,,,PP,,1,Formalin,Arthritica,3,,0.0038,0.00195,0.0002,0.513157895,0.102564103,0.052631579,2000
,2020,,,PP,,1,Formalin,Capitella,3,,0.022,0.0027,0.0012,0.122727273,0.444444444,0.054545455,2000
,2020,,,PP,,1,Formalin,Salinator,5,,1.1528,0.6058,0.1442,0.525503123,0.238032354,0.125086745,2000
,2020,,,PP,,1,Formalin,Simplisetia,44,,1.1001,0.1418,0.1027,0.128897373,0.72425952,0.09335515,2000
,2020,,,PP,,2,Formalin,Arthritica,1,,0.0003,0.0002,-0.0026,0.666666667,-13,-8.666666667,2000
,2020,,,PP,,2,Formalin,Capitella,14,,0.122,0.02,0.01,0.163934426,0.5,0.081967213,2000
,2020,,,PP,,2,Formalin,Salinator,22,,7.1876,3.8961,1.0238,0.542058545,0.262775596,0.142439757,2000
,2020,,,PP,,2,Formalin,Simplisetia,72,,1.2664,0.1775,0.1284,0.140161087,0.723380282,0.101389766,2000
,2020,,,PP,,3,Formalin,Capitella,5,,0.0081,0.00175,0.001,0.216049383,0.571428571,0.12345679,2000
,2020,,,PP,,3,Formalin,Salinator,3,,0.8949,0.46405,0.117,0.518549559,0.252128003,0.130740865,2000
,2020,,,PP,,3,Formalin,Simplisetia,79,,1.3703,0.22505,0.1464,0.164234109,0.650522106,0.106837919,2000
,2020,,,PP,,4,Formalin,Arthritica,2,,0.001,0.0004,0.0004,0.4,1,0.4,2000
,2020,,,PP,,4,Formalin,Capitella,11,,0.0404,0.00665,0.003,0.16460396,0.45112782,0.074257426,2000
,2020,,,PP,,4,Formalin,Salinator,8,,2.8313,1.50615,0.3181,0.531964115,0.211200744,0.112351217,2000
,2020,,,PP,,4,Formalin,Simplisetia,71,,1.3261,0.20025,0.1398,0.151006711,0.698127341,0.105421914,2000
,2020,,,PP,,5,Formalin,Arthritica,1,,0.0041,0.0024,-0.0001,0.585365854,-0.041666667,-0.024390244,2000
,2020,,,PP,,5,Formalin,Capitella,3,,0.0078,0.0008,-0.0023,0.102564103,-2.875,-0.294871795,2000
,2020,,,PP,,5,Formalin,Salinator,15,,4.5958,2.308,0.5024,0.502197659,0.217677643,0.109317203,2000
,2020,,,PP,,5,Formalin,Simplisetia,71,,1.6624,0.2496,0.1364,0.15014437,0.546474359,0.082050048,2000
,2020,,,HC,,1,Formalin,Amphipoda,4,,0.0016,0.0006,0.0005,0.375,0.833333333,0.3125,500
,2020,,,HC,,3,Formalin,Amphipoda,55,,0.0169,0.0033,0.0024,0.195266272,0.727272727,0.142011834,500
,2020,,,HC,,4,Formalin,Amphipoda,9,,0.0014,0.0004,0.0003,0.285714286,0.75,0.214285714,500
,2020,,,HC,,5,Formalin,Amphipoda,6,,0.0009,0.0005,0.0003,0.555555556,0.6,0.333333333,500
,2020,,,HC,,1,Formalin,Amphipoda,21,,0.0062,0.001,0.0008,0.161290323,0.8,0.129032258,2000
,2020,,,HC,,4,Formalin,Amphipoda,4,,0.0055,0.0013,0.001,0.236363636,0.769230769,0.181818182,2000
,2020,,,NM,,4,Formalin,Amphipoda,5,,0.0031,0.0009,0.0006,0.290322581,0.666666667,0.193548387,500
,2020,,,NM,,5,Formalin,Amphipoda,5,,0.0022,0.0006,0.0004,0.272727273,0.666666667,0.181818182,500
,2020,,,PP,,1,Formalin,Amphipoda,38,,0.0185,0.0052,0.0041,0.281081081,0.788461538,0.221621622,500
,2020,,,PP,,2,Formalin,Amphipoda,43,,0.0213,0.0033,0.0026,0.154929577,0.787878788,0.122065728,500
,2020,,,PP,,3,Formalin,Amphipoda,8,,0.0026,0.0005,0.0004,0.192307692,0.8,0.153846154,500
,2020,,,PP,,4,Formalin,Amphipoda,61,,0.0315,0.0075,0.0058,0.238095238,0.773333333,0.184126984,500
,2020,,,PP,,5,Formalin,Amphipoda,65,,0.0356,0.0082,0.0064,0.230337079,0.780487805,0.179775281,500
,2020,,,PP,,2,Formalin,Amphipoda,1,,0.0002,1E-04,1E-04,0.5,1,0.5,2000
,2020,,,PP,,3,Formalin,Amphipoda,2,,0.0008,0.0005,0.0004,0.625,0.8,0.5,2000
,2020,,,PP,,5,Formalin,Amphipoda,1,,0.0006,0.0003,0.0003,0.5,1,0.5,2000
,2020,,,HC,,4,Formalin,Chironomidae,1,,0.0078,0.0011,0.0003,0.141025641,0.272727273,0.038461538,2000
,2020,,,NM,,1,Formalin,Chironomidae,10,,0.0112,0.0007,0.0005,0.0625,0.714285714,0.044642857,500
,2020,,,NM,,2,Formalin,Chironomidae,8,,0.0015,0.0004,0.0002,0.266666667,0.5,0.133333333,500
,2020,,,NM,,3,Formalin,Chironomidae,10,,0.0039,0.0008,0.0005,0.205128205,0.625,0.128205128,500
,2020,,,NM,,4,Formalin,Chironomidae,51,,0.034,0.0067,0.005,0.197058824,0.746268657,0.147058824,500
,2020,,,NM,,5,Formalin,Chironomidae,26,,0.0223,0.0031,0.0027,0.139013453,0.870967742,0.121076233,500
,2020,,,NM,,1,Formalin,Chironomidae,21,,0.0074,0.0024,0.0014,0.324324324,0.583333333,0.189189189,2000
,2020,,,NM,,2,Formalin,Chironomidae,2,,0.0015,0.0007,0.0005,0.466666667,0.714285714,0.333333333,2000
,2020,,,NM,,4,Formalin,Chironomidae,1,,0.0009,0.0002,1E-04,0.222222222,0.5,0.111111111,2000
,2020,,,PP,,1,Formalin,Chironomidae,3,,0.0014,0.0007,0.0005,0.5,0.714285714,0.357142857,500
,2020,,,PP,,2,Formalin,Chironomidae,9,,0.0116,0.0012,0.001,0.103448276,0.833333333,0.086206897,500
,2020,,,PP,,3,Formalin,Chironomidae,26,,0.0165,0.0034,0.0017,0.206060606,0.5,0.103030303,500
,2020,,,PP,,4,Formalin,Chironomidae,2,,0.0011,0.0003,0.0003,0.272727273,1,0.272727273,500
,2020,,,PP,,5,Formalin,Chironomidae,6,,0.0027,0.0006,0.0004,0.222222222,0.666666667,0.148148148,500
